,Time,Open,High,Low,Close,Volume,Date
0,1581346800000,1.1234,1.1298,1.1202,1.1298,11241.89,2020-02-10 15:00:00
1,1581343200000,1.1128,1.1234,1.1093,1.1234,10282.49,2020-02-10 14:00:00
2,1581339600000,1.1029,1.1231,1.0984,1.114,37948.18,2020-02-10 13:00:00
3,1581336000000,1.0798,1.1029,1.0798,1.0967,20073.68,2020-02-10 12:00:00
4,1581332400000,1.086,1.0907,1.0751,1.0784,16017.48,2020-02-10 11:00:00
5,1581328800000,1.0848,1.0929,1.0832,1.0867,15820.75,2020-02-10 10:00:00
6,1581325200000,1.0944,1.0977,1.0661,1.0842,67213.03,2020-02-10 09:00:00
7,1581321600000,1.1267,1.1267,1.0899,1.0998,22607.72,2020-02-10 08:00:00
8,1581318000000,1.1171,1.13,1.1171,1.1268,13092.09,2020-02-10 07:00:00
9,1581314400000,1.089,1.1256,1.0861,1.1173,34714.94,2020-02-10 06:00:00
10,1581310800000,1.1187,1.123,1.0832,1.0974,25636.06,2020-02-10 05:00:00
11,1581307200000,1.126,1.13,1.1123,1.1198,19162.66,2020-02-10 04:00:00
12,1581303600000,1.1464,1.1465,1.1222,1.1222,10252.12,2020-02-10 03:00:00
13,1581300000000,1.1413,1.1483,1.1351,1.1458,38526.77,2020-02-10 02:00:00
14,1581296400000,1.1518,1.152,1.1413,1.1462,11473.76,2020-02-10 01:00:00
15,1581292800000,1.1372,1.1517,1.1363,1.1505,19573.08,2020-02-10 00:00:00
16,1581289200000,1.1363,1.1379,1.1299,1.1323,14597.55,2020-02-09 23:00:00
17,1581285600000,1.1242,1.1363,1.122,1.1363,9896.4,2020-02-09 22:00:00
18,1581282000000,1.1258,1.1312,1.1194,1.1266,7248.26,2020-02-09 21:00:00
19,1581278400000,1.1248,1.13,1.1217,1.1258,5924.76,2020-02-09 20:00:00
20,1581274800000,1.1267,1.131,1.1212,1.1248,12978.53,2020-02-09 19:00:00
21,1581271200000,1.1283,1.1331,1.1213,1.1267,8905.37,2020-02-09 18:00:00
22,1581267600000,1.1234,1.1299,1.1168,1.1283,19831.9,2020-02-09 17:00:00
23,1581264000000,1.1208,1.1281,1.1172,1.1234,29863.78,2020-02-09 16:00:00
24,1581260400000,1.1121,1.1224,1.0922,1.1165,45924.13,2020-02-09 15:00:00
25,1581256800000,1.1194,1.1255,1.1051,1.1121,25886.07,2020-02-09 14:00:00
26,1581253200000,1.1362,1.1378,1.1171,1.1194,35980.63,2020-02-09 13:00:00
27,1581249600000,1.1363,1.1431,1.1314,1.1388,18210.57,2020-02-09 12:00:00
28,1581246000000,1.1362,1.1412,1.1319,1.1364,5129.41,2020-02-09 11:00:00
29,1581242400000,1.1312,1.1462,1.1273,1.1397,17008.37,2020-02-09 10:00:00
30,1581238800000,1.1487,1.1487,1.1311,1.1347,25051.63,2020-02-09 09:00:00
31,1581235200000,1.1625,1.1654,1.1436,1.147,17900.07,2020-02-09 08:00:00
32,1581231600000,1.159,1.1682,1.1587,1.1621,5527.67,2020-02-09 07:00:00
33,1581228000000,1.1619,1.1681,1.1577,1.1626,4934.85,2020-02-09 06:00:00
34,1581224400000,1.1636,1.1639,1.1522,1.162,9537.34,2020-02-09 05:00:00
35,1581220800000,1.1689,1.172,1.1601,1.1603,7424.67,2020-02-09 04:00:00
36,1581217200000,1.1627,1.172,1.1601,1.1719,28366.34,2020-02-09 03:00:00
37,1581210000000,1.1527,1.1601,1.1527,1.1601,8343.42,2020-02-09 01:00:00
38,1581206400000,1.1557,1.1603,1.1446,1.1577,12833.2,2020-02-09 00:00:00
39,1581202800000,1.1524,1.1608,1.1523,1.1608,4255.36,2020-02-08 23:00:00
40,1581199200000,1.1627,1.1663,1.1492,1.1524,3750.59,2020-02-08 22:00:00
41,1581195600000,1.153,1.1663,1.153,1.1663,805.69,2020-02-08 21:00:00
42,1581192000000,1.1549,1.1561,1.1493,1.1528,1734.86,2020-02-08 20:00:00
43,1581188400000,1.1569,1.1681,1.1484,1.1549,15857.17,2020-02-08 19:00:00
44,1581184800000,1.1531,1.1592,1.1516,1.1527,2384.65,2020-02-08 18:00:00
45,1581181200000,1.1693,1.1718,1.1482,1.1527,5835.01,2020-02-08 17:00:00
46,1581177600000,1.1505,1.172,1.148,1.172,27774.83,2020-02-08 16:00:00
47,1581174000000,1.1411,1.1505,1.1324,1.1485,6683.7,2020-02-08 15:00:00
48,1581170400000,1.1319,1.1374,1.1305,1.1372,4451.17,2020-02-08 14:00:00
49,1581166800000,1.147,1.1481,1.1325,1.1369,11548.43,2020-02-08 13:00:00
50,1581163200000,1.1426,1.1505,1.1384,1.1419,7190.4,2020-02-08 12:00:00
51,1581159600000,1.1324,1.1438,1.1266,1.1384,6324.41,2020-02-08 11:00:00
52,1581156000000,1.136,1.1422,1.1332,1.1355,8016.92,2020-02-08 10:00:00
53,1581152400000,1.1641,1.1679,1.1281,1.1306,24702.0,2020-02-08 09:00:00
54,1581148800000,1.1133,1.1643,1.1133,1.164,48628.46,2020-02-08 08:00:00
55,1581145200000,1.113,1.1159,1.1051,1.1159,4465.26,2020-02-08 07:00:00
56,1581141600000,1.1109,1.12,1.107,1.113,19720.82,2020-02-08 06:00:00
57,1581138000000,1.12,1.12,0.989,1.1109,86711.38,2020-02-08 05:00:00
58,1581134400000,1.0803,1.12,1.0803,1.1169,30749.27,2020-02-08 04:00:00
59,1581130800000,1.0772,1.0809,1.0613,1.0803,20853.41,2020-02-08 03:00:00
60,1581127200000,1.0997,1.1017,1.069,1.0712,25316.13,2020-02-08 02:00:00
61,1581123600000,1.1102,1.1116,1.0934,1.0994,52575.09,2020-02-08 01:00:00
62,1581120000000,1.1322,1.1323,1.1082,1.1082,29515.97,2020-02-08 00:00:00
63,1581116400000,1.1254,1.1355,1.1225,1.1322,16417.57,2020-02-07 23:00:00
64,1581112800000,1.1222,1.125,1.1167,1.1209,9271.31,2020-02-07 22:00:00
65,1581109200000,1.1269,1.1273,1.1189,1.1222,9770.36,2020-02-07 21:00:00
66,1581105600000,1.1347,1.1415,1.1231,1.1231,4081.37,2020-02-07 20:00:00
67,1581102000000,1.1443,1.1443,1.1291,1.1408,25773.8,2020-02-07 19:00:00
68,1581098400000,1.1421,1.1461,1.1405,1.1444,3847.14,2020-02-07 18:00:00
69,1581094800000,1.1461,1.1493,1.143,1.147,8534.69,2020-02-07 17:00:00
70,1581091200000,1.1529,1.1529,1.1431,1.1454,7670.05,2020-02-07 16:00:00
71,1581087600000,1.1691,1.1691,1.1466,1.1529,24398.22,2020-02-07 15:00:00
72,1581084000000,1.1576,1.168,1.1576,1.1643,14316.92,2020-02-07 14:00:00
73,1581080400000,1.1327,1.1564,1.1327,1.1537,30051.7,2020-02-07 13:00:00
74,1581076800000,1.162,1.164,1.122,1.1327,45972.22,2020-02-07 12:00:00
75,1581073200000,1.1555,1.1818,1.1555,1.1601,37601.91,2020-02-07 11:00:00
76,1581069600000,1.14,1.16,1.14,1.1587,19639.95,2020-02-07 10:00:00
77,1581066000000,1.133,1.1446,1.1313,1.14,8460.39,2020-02-07 09:00:00
78,1581062400000,1.1339,1.1484,1.133,1.1384,21323.54,2020-02-07 08:00:00
79,1581058800000,1.137,1.138,1.125,1.1363,9371.64,2020-02-07 07:00:00
80,1581055200000,1.145,1.146,1.1303,1.14,36494.95,2020-02-07 06:00:00
81,1581051600000,1.1451,1.15,1.1414,1.145,17276.56,2020-02-07 05:00:00
82,1581048000000,1.1453,1.1458,1.1382,1.1453,4932.33,2020-02-07 04:00:00
83,1581044400000,1.1496,1.1496,1.1369,1.1425,16165.21,2020-02-07 03:00:00
84,1581040800000,1.1506,1.1575,1.1456,1.1496,34795.1,2020-02-07 02:00:00
85,1581037200000,1.1338,1.155,1.1338,1.1506,24275.24,2020-02-07 01:00:00
86,1581033600000,1.1215,1.1346,1.1195,1.1338,23309.86,2020-02-07 00:00:00
87,1581030000000,1.1085,1.1194,1.1017,1.1183,12505.39,2020-02-06 23:00:00
88,1581026400000,1.114,1.1175,1.1087,1.1087,11361.06,2020-02-06 22:00:00
89,1581022800000,1.124,1.1277,1.1139,1.116,11117.24,2020-02-06 21:00:00
90,1581019200000,1.11,1.1244,1.1088,1.124,10199.83,2020-02-06 20:00:00
91,1581015600000,1.1236,1.1247,1.1051,1.1142,31999.65,2020-02-06 19:00:00
92,1581012000000,1.1312,1.1354,1.1186,1.1236,31530.87,2020-02-06 18:00:00
93,1581008400000,1.1468,1.1516,1.1291,1.1305,23097.56,2020-02-06 17:00:00
94,1581004800000,1.1157,1.1559,1.1087,1.1467,93495.53,2020-02-06 16:00:00
95,1581001200000,1.1009,1.1174,1.0829,1.1113,16640.14,2020-02-06 15:00:00
96,1580997600000,1.081,1.123,1.0739,1.0987,49064.16,2020-02-06 14:00:00
97,1580994000000,1.1215,1.123,1.0663,1.0835,66636.49,2020-02-06 13:00:00
98,1580990400000,1.1086,1.1215,1.0923,1.1212,28948.3,2020-02-06 12:00:00
99,1580986800000,1.0905,1.1199,1.0868,1.1062,117714.42,2020-02-06 11:00:00
100,1580983200000,1.0764,1.0905,1.0719,1.0905,19225.7,2020-02-06 10:00:00
101,1580979600000,1.084,1.0876,1.0719,1.0767,11390.96,2020-02-06 09:00:00
102,1580976000000,1.0781,1.0879,1.0754,1.084,9333.87,2020-02-06 08:00:00
103,1580972400000,1.0791,1.0864,1.0704,1.08,12057.85,2020-02-06 07:00:00
104,1580968800000,1.0667,1.0894,1.0616,1.0791,14064.22,2020-02-06 06:00:00
105,1580965200000,1.0701,1.0708,1.0601,1.0676,15558.17,2020-02-06 05:00:00
106,1580961600000,1.0952,1.0989,1.0661,1.0743,48626.24,2020-02-06 04:00:00
107,1580958000000,1.0373,1.0971,1.0373,1.0952,88043.47,2020-02-06 03:00:00
108,1580954400000,1.0372,1.0387,1.0308,1.0351,6614.43,2020-02-06 02:00:00
109,1580950800000,1.0326,1.0375,1.0326,1.0375,2687.63,2020-02-06 01:00:00
110,1580947200000,1.0358,1.0409,1.0326,1.0327,20831.96,2020-02-06 00:00:00
111,1580943600000,1.0339,1.038,1.0287,1.0358,6093.68,2020-02-05 23:00:00
112,1580940000000,1.03,1.0363,1.026,1.0335,15876.37,2020-02-05 22:00:00
113,1580936400000,1.0284,1.0346,1.0265,1.03,4923.0,2020-02-05 21:00:00
114,1580932800000,1.0276,1.0324,1.0261,1.0261,2411.41,2020-02-05 20:00:00
115,1580929200000,1.04,1.04,1.026,1.0321,9906.26,2020-02-05 19:00:00
116,1580925600000,1.0355,1.0444,1.0335,1.041,44423.27,2020-02-05 18:00:00
117,1580922000000,1.0313,1.0367,1.026,1.0355,14750.54,2020-02-05 17:00:00
118,1580918400000,1.0279,1.035,1.0219,1.0303,19000.1,2020-02-05 16:00:00
119,1580914800000,1.0161,1.03,1.0123,1.0235,15956.76,2020-02-05 15:00:00
120,1580911200000,1.0123,1.0163,1.0081,1.0162,11694.37,2020-02-05 14:00:00
121,1580907600000,1.0145,1.0174,1.0064,1.0131,8328.21,2020-02-05 13:00:00
122,1580904000000,1.0017,1.0158,1.0017,1.0145,8519.88,2020-02-05 12:00:00
123,1580900400000,1.0093,1.0105,0.9849,1.0017,23930.23,2020-02-05 11:00:00
124,1580896800000,1.004,1.0208,1.0002,1.0042,19445.63,2020-02-05 10:00:00
125,1580893200000,0.9999,1.0032,0.9984,1.0014,5720.85,2020-02-05 09:00:00
126,1580889600000,1.0095,1.0095,0.9976,0.9999,17867.03,2020-02-05 08:00:00
127,1580886000000,1.0018,1.0112,0.999,1.0098,10218.4,2020-02-05 07:00:00
128,1580882400000,1.0083,1.0161,0.9976,1.0007,21044.7,2020-02-05 06:00:00
129,1580878800000,0.9888,1.0108,0.9873,1.0083,29693.73,2020-02-05 05:00:00
130,1580875200000,0.9868,0.9888,0.9851,0.9851,5162.04,2020-02-05 04:00:00
131,1580871600000,0.9857,0.987,0.9838,0.9868,1655.08,2020-02-05 03:00:00
132,1580868000000,0.9839,0.9857,0.9802,0.9857,1955.91,2020-02-05 02:00:00
133,1580864400000,0.9854,0.9894,0.9825,0.986,12016.82,2020-02-05 01:00:00
134,1580860800000,0.9776,0.9894,0.9773,0.982,20536.51,2020-02-05 00:00:00
135,1580857200000,0.9846,0.9846,0.9776,0.9776,4039.71,2020-02-04 23:00:00
136,1580853600000,0.98,0.9844,0.9773,0.984,2139.55,2020-02-04 22:00:00
137,1580850000000,0.9806,0.9833,0.9774,0.98,7494.28,2020-02-04 21:00:00
138,1580846400000,0.9712,0.9786,0.9712,0.9781,10542.79,2020-02-04 20:00:00
139,1580842800000,0.9714,0.9755,0.9712,0.9712,4111.9,2020-02-04 19:00:00
140,1580839200000,0.9728,0.9766,0.9712,0.9713,3793.49,2020-02-04 18:00:00
141,1580835600000,0.974,0.9751,0.9677,0.9749,10243.61,2020-02-04 17:00:00
142,1580832000000,0.9731,0.9752,0.9651,0.974,17649.94,2020-02-04 16:00:00
143,1580828400000,0.9547,0.975,0.9545,0.9731,18506.07,2020-02-04 15:00:00
144,1580824800000,0.9485,0.952,0.9439,0.952,5809.93,2020-02-04 14:00:00
145,1580821200000,0.9464,0.952,0.9392,0.9476,14697.52,2020-02-04 13:00:00
146,1580817600000,0.961,0.961,0.9406,0.9457,27926.14,2020-02-04 12:00:00
147,1580814000000,0.942,0.9677,0.942,0.9615,28426.83,2020-02-04 11:00:00
148,1580810400000,0.9461,0.9462,0.9355,0.9421,25588.5,2020-02-04 10:00:00
149,1580806800000,0.9942,0.9989,0.9415,0.9429,62475.84,2020-02-04 09:00:00
150,1580803200000,0.9733,1.0,0.9728,0.9942,52155.27,2020-02-04 08:00:00
151,1580799600000,0.9691,0.9815,0.969,0.9742,24300.38,2020-02-04 07:00:00
152,1580796000000,0.9603,0.9729,0.9486,0.9691,12956.1,2020-02-04 06:00:00
153,1580792400000,0.9563,0.96,0.9514,0.9559,34662.86,2020-02-04 05:00:00
154,1580788800000,0.9594,0.9594,0.9542,0.9543,9107.76,2020-02-04 04:00:00
155,1580785200000,0.9638,0.9679,0.9589,0.9594,2514.57,2020-02-04 03:00:00
156,1580781600000,0.9634,0.9684,0.9609,0.9684,2638.35,2020-02-04 02:00:00
157,1580778000000,0.9747,0.9747,0.9608,0.9608,12659.36,2020-02-04 01:00:00
158,1580774400000,0.972,0.9782,0.971,0.9774,5251.28,2020-02-04 00:00:00
159,1580770800000,0.9622,0.9722,0.9585,0.9721,4408.38,2020-02-03 23:00:00
160,1580767200000,0.9615,0.9634,0.9605,0.9626,3871.29,2020-02-03 22:00:00
161,1580763600000,0.9559,0.9635,0.9543,0.9615,8707.42,2020-02-03 21:00:00
162,1580760000000,0.9508,0.9603,0.9508,0.9559,11851.81,2020-02-03 20:00:00
163,1580756400000,0.9455,0.9502,0.9447,0.9502,7200.33,2020-02-03 19:00:00
164,1580752800000,0.9498,0.9499,0.9455,0.9455,12101.4,2020-02-03 18:00:00
165,1580749200000,0.9439,0.95,0.9376,0.9499,8879.62,2020-02-03 17:00:00
166,1580745600000,0.9405,0.95,0.9351,0.9475,18824.51,2020-02-03 16:00:00
167,1580742000000,0.9528,0.9544,0.9404,0.9405,8054.06,2020-02-03 15:00:00
168,1580738400000,0.9491,0.9525,0.9457,0.9516,8209.87,2020-02-03 14:00:00
169,1580734800000,0.9537,0.9537,0.9457,0.9491,3110.8,2020-02-03 13:00:00
170,1580731200000,0.9544,0.9557,0.941,0.9532,14431.07,2020-02-03 12:00:00
171,1580727600000,0.9449,0.9558,0.94,0.9557,13190.13,2020-02-03 11:00:00
172,1580724000000,0.965,0.965,0.9433,0.9455,26779.67,2020-02-03 10:00:00
173,1580720400000,0.975,0.976,0.965,0.965,6039.34,2020-02-03 09:00:00
174,1580716800000,0.9792,0.9829,0.9747,0.9749,17064.85,2020-02-03 08:00:00
175,1580713200000,0.9767,0.9863,0.976,0.9816,20704.14,2020-02-03 07:00:00
176,1580709600000,0.9757,0.9768,0.9739,0.975,5291.42,2020-02-03 06:00:00
177,1580706000000,0.9646,0.9764,0.9646,0.9757,19954.51,2020-02-03 05:00:00
178,1580702400000,0.9646,0.9687,0.9628,0.9687,4604.51,2020-02-03 04:00:00
179,1580698800000,0.9624,0.9679,0.9611,0.9647,13035.92,2020-02-03 03:00:00
180,1580695200000,0.9797,0.9797,0.96,0.9638,21350.62,2020-02-03 02:00:00
181,1580691600000,0.983,0.9935,0.9786,0.9836,27986.69,2020-02-03 01:00:00
182,1580688000000,0.968,0.9833,0.96,0.9833,17385.01,2020-02-03 00:00:00
183,1580684400000,1.0026,1.0048,0.968,0.968,37548.95,2020-02-02 23:00:00
184,1580680800000,1.0075,1.0151,0.9991,1.0072,22369.74,2020-02-02 22:00:00
185,1580677200000,1.005,1.0124,1.005,1.0083,25679.24,2020-02-02 21:00:00
186,1580673600000,1.0152,1.0164,1.0004,1.005,22541.36,2020-02-02 20:00:00
187,1580670000000,1.0116,1.0273,1.01,1.012,66919.91,2020-02-02 19:00:00
188,1580666400000,0.9917,1.0124,0.9861,1.0116,25431.1,2020-02-02 18:00:00
189,1580662800000,0.9861,0.999,0.98,0.9932,46617.47,2020-02-02 17:00:00
190,1580659200000,0.9789,0.9873,0.975,0.9861,18668.09,2020-02-02 16:00:00
191,1580655600000,0.98,0.9821,0.9722,0.9789,27991.17,2020-02-02 15:00:00
192,1580652000000,0.9835,0.9845,0.9737,0.9756,68620.6,2020-02-02 14:00:00
193,1580648400000,0.9771,1.05,0.9671,0.9809,49534.47,2020-02-02 13:00:00
194,1580644800000,0.9906,0.9906,0.9697,0.9766,34839.35,2020-02-02 12:00:00
195,1580641200000,0.9767,0.9974,0.9757,0.9927,23019.92,2020-02-02 11:00:00
196,1580637600000,0.9682,0.9801,0.9682,0.9767,12865.52,2020-02-02 10:00:00
197,1580634000000,0.9664,0.9677,0.9575,0.9677,18508.93,2020-02-02 09:00:00
198,1580630400000,0.9733,0.9762,0.9629,0.9664,17627.32,2020-02-02 08:00:00
199,1580626800000,0.9705,0.9746,0.9687,0.9733,9190.82,2020-02-02 07:00:00
200,1580623200000,0.9676,0.9778,0.9649,0.9702,9536.06,2020-02-02 06:00:00
201,1580619600000,0.9816,0.9816,0.9593,0.9676,12022.87,2020-02-02 05:00:00
202,1580616000000,0.9669,0.9814,0.9574,0.9765,14876.18,2020-02-02 04:00:00
203,1580612400000,0.9701,0.9705,0.9625,0.9673,18324.73,2020-02-02 03:00:00
204,1580608800000,0.9931,1.0107,0.9593,0.9628,157323.58,2020-02-02 02:00:00
205,1580605200000,0.9476,0.9931,0.9412,0.9898,71982.97,2020-02-02 01:00:00
206,1580601600000,0.9133,0.9476,0.9133,0.9476,55676.25,2020-02-02 00:00:00
207,1580598000000,0.91,0.9172,0.91,0.9168,6789.68,2020-02-01 23:00:00
208,1580594400000,0.9109,0.913,0.9098,0.9098,1266.74,2020-02-01 22:00:00
209,1580590800000,0.9111,0.913,0.908,0.9085,2286.09,2020-02-01 21:00:00
210,1580587200000,0.9094,0.9136,0.906,0.9111,9220.09,2020-02-01 20:00:00
211,1580583600000,0.9024,0.9102,0.9024,0.9086,8244.81,2020-02-01 19:00:00
212,1580580000000,0.9042,0.9045,0.898,0.9015,5894.06,2020-02-01 18:00:00
213,1580576400000,0.9081,0.9088,0.9038,0.9041,10877.68,2020-02-01 17:00:00
214,1580572800000,0.9089,0.9109,0.9062,0.9108,5288.29,2020-02-01 16:00:00
215,1580569200000,0.9087,0.9096,0.9062,0.9062,4581.34,2020-02-01 15:00:00
216,1580565600000,0.9069,0.9085,0.9017,0.9062,8808.93,2020-02-01 14:00:00
217,1580562000000,0.9001,0.9102,0.9001,0.9069,8058.11,2020-02-01 13:00:00
218,1580558400000,0.9043,0.9043,0.8985,0.9034,6956.76,2020-02-01 12:00:00
219,1580554800000,0.916,0.916,0.9019,0.9045,14696.6,2020-02-01 11:00:00
220,1580551200000,0.9156,0.9179,0.9097,0.9151,7467.83,2020-02-01 10:00:00
221,1580547600000,0.9134,0.916,0.9086,0.9156,4202.98,2020-02-01 09:00:00
222,1580544000000,0.9162,0.9162,0.9089,0.9145,6571.44,2020-02-01 08:00:00
223,1580540400000,0.908,0.9179,0.9072,0.9149,11787.1,2020-02-01 07:00:00
224,1580536800000,0.9045,0.91,0.9025,0.9093,9638.0,2020-02-01 06:00:00
225,1580533200000,0.901,0.9056,0.9006,0.9045,10071.55,2020-02-01 05:00:00
226,1580529600000,0.9049,0.9049,0.8989,0.901,12097.68,2020-02-01 04:00:00
227,1580526000000,0.9042,0.9067,0.9005,0.9042,2513.38,2020-02-01 03:00:00
228,1580522400000,0.9011,0.9068,0.9007,0.9021,9519.36,2020-02-01 02:00:00
229,1580518800000,0.9072,0.9072,0.8948,0.9012,33243.72,2020-02-01 01:00:00
230,1580515200000,0.906,0.9099,0.9049,0.906,2878.47,2020-02-01 00:00:00
231,1580511600000,0.906,0.9093,0.901,0.901,3929.6,2020-01-31 23:00:00
232,1580508000000,0.899,0.9081,0.8945,0.9053,19710.17,2020-01-31 22:00:00
233,1580504400000,0.8906,0.899,0.8901,0.899,6567.65,2020-01-31 21:00:00
234,1580500800000,0.8937,0.898,0.89,0.8925,5299.86,2020-01-31 20:00:00
235,1580497200000,0.8885,0.894,0.8885,0.8893,4404.07,2020-01-31 19:00:00
236,1580493600000,0.8872,0.8898,0.8849,0.8898,5723.55,2020-01-31 18:00:00
237,1580490000000,0.8948,0.8948,0.886,0.8907,4190.76,2020-01-31 17:00:00
238,1580486400000,0.894,0.9045,0.8916,0.8939,12235.22,2020-01-31 16:00:00
239,1580482800000,0.8861,0.894,0.8812,0.894,22588.78,2020-01-31 15:00:00
240,1580479200000,0.8854,0.8951,0.8841,0.8841,11035.8,2020-01-31 14:00:00
241,1580475600000,0.8915,0.8917,0.8704,0.8818,41641.82,2020-01-31 13:00:00
242,1580472000000,0.9136,0.9136,0.8834,0.8914,36462.21,2020-01-31 12:00:00
243,1580468400000,0.9099,0.915,0.9084,0.9136,6392.49,2020-01-31 11:00:00
244,1580464800000,0.9087,0.9132,0.9038,0.9075,15269.31,2020-01-31 10:00:00
245,1580461200000,0.9093,0.9165,0.9055,0.9105,21366.98,2020-01-31 09:00:00
246,1580457600000,0.9052,0.9098,0.9016,0.9074,3398.92,2020-01-31 08:00:00
247,1580454000000,0.9088,0.91,0.9042,0.9087,3315.22,2020-01-31 07:00:00
248,1580450400000,0.9135,0.915,0.9041,0.909,8445.36,2020-01-31 06:00:00
249,1580446800000,0.92,0.9215,0.9107,0.9138,11291.62,2020-01-31 05:00:00
250,1580443200000,0.9229,0.9229,0.9123,0.92,18958.69,2020-01-31 04:00:00
251,1580439600000,0.8846,0.9245,0.8834,0.9229,54569.58,2020-01-31 03:00:00
252,1580436000000,0.8894,0.8894,0.8786,0.8859,18376.97,2020-01-31 02:00:00
253,1580432400000,0.8926,0.8926,0.8799,0.887,7901.69,2020-01-31 01:00:00
254,1580428800000,0.888,0.8939,0.8862,0.8862,21978.45,2020-01-31 00:00:00
255,1580425200000,0.894,0.8984,0.8834,0.888,51355.17,2020-01-30 23:00:00
256,1580421600000,0.8862,0.895,0.8834,0.895,14214.53,2020-01-30 22:00:00
257,1580418000000,0.8751,0.8917,0.8749,0.8917,36077.87,2020-01-30 21:00:00
258,1580414400000,0.8763,0.8812,0.871,0.8808,15805.19,2020-01-30 20:00:00
259,1580410800000,0.87,0.8765,0.8688,0.8763,7814.73,2020-01-30 19:00:00
260,1580407200000,0.87,0.87,0.8646,0.8687,8252.46,2020-01-30 18:00:00
261,1580403600000,0.8588,0.8713,0.8586,0.8636,12030.93,2020-01-30 17:00:00
262,1580400000000,0.8618,0.8713,0.8504,0.8547,23404.33,2020-01-30 16:00:00
263,1580396400000,0.8581,0.8618,0.8541,0.8618,7551.09,2020-01-30 15:00:00
264,1580392800000,0.8575,0.8597,0.852,0.8581,11845.44,2020-01-30 14:00:00
265,1580389200000,0.856,0.862,0.855,0.856,24946.31,2020-01-30 13:00:00
266,1580385600000,0.8606,0.8614,0.8536,0.8583,22474.83,2020-01-30 12:00:00
267,1580382000000,0.866,0.866,0.859,0.8606,50856.95,2020-01-30 11:00:00
268,1580378400000,0.867,0.8676,0.8616,0.866,12132.61,2020-01-30 10:00:00
269,1580374800000,0.8621,0.8676,0.86,0.8676,37043.3,2020-01-30 09:00:00
270,1580371200000,0.8619,0.8674,0.8609,0.8615,9744.48,2020-01-30 08:00:00
271,1580367600000,0.8507,0.865,0.8481,0.8646,14909.67,2020-01-30 07:00:00
272,1580364000000,0.8532,0.8565,0.8461,0.8528,12839.57,2020-01-30 06:00:00
273,1580360400000,0.839,0.8571,0.839,0.8532,22998.96,2020-01-30 05:00:00
274,1580356800000,0.8319,0.8411,0.8319,0.8385,7173.35,2020-01-30 04:00:00
275,1580353200000,0.835,0.8373,0.8301,0.8319,6157.59,2020-01-30 03:00:00
276,1580349600000,0.8303,0.8385,0.8281,0.8385,11422.19,2020-01-30 02:00:00
277,1580346000000,0.83,0.8323,0.8253,0.8303,19649.15,2020-01-30 01:00:00
278,1580342400000,0.8405,0.8445,0.8267,0.83,17757.59,2020-01-30 00:00:00
279,1580338800000,0.85,0.8512,0.8396,0.8402,14605.29,2020-01-29 23:00:00
280,1580335200000,0.8497,0.8518,0.8447,0.8513,4334.31,2020-01-29 22:00:00
281,1580331600000,0.85,0.8516,0.8422,0.8474,9198.45,2020-01-29 21:00:00
282,1580328000000,0.8455,0.85,0.845,0.85,13475.17,2020-01-29 20:00:00
283,1580324400000,0.8438,0.8473,0.843,0.8449,7878.26,2020-01-29 19:00:00
284,1580320800000,0.8426,0.8463,0.8406,0.8463,1645.94,2020-01-29 18:00:00
285,1580317200000,0.8392,0.8472,0.8379,0.8403,13369.91,2020-01-29 17:00:00
286,1580313600000,0.8339,0.8393,0.831,0.8383,3209.68,2020-01-29 16:00:00
287,1580310000000,0.8363,0.8421,0.831,0.8339,13412.79,2020-01-29 15:00:00
288,1580306400000,0.8351,0.839,0.835,0.8384,8711.64,2020-01-29 14:00:00
289,1580302800000,0.831,0.8391,0.831,0.8353,1581.02,2020-01-29 13:00:00
290,1580299200000,0.8331,0.834,0.831,0.831,26587.61,2020-01-29 12:00:00
291,1580295600000,0.8474,0.8474,0.831,0.8386,12779.43,2020-01-29 11:00:00
292,1580292000000,0.8387,0.8475,0.831,0.8475,33141.42,2020-01-29 10:00:00
293,1580288400000,0.8456,0.8468,0.8355,0.8367,20694.65,2020-01-29 09:00:00
294,1580284800000,0.8465,0.8465,0.8415,0.8451,6283.7,2020-01-29 08:00:00
295,1580281200000,0.8433,0.8467,0.84,0.8433,4093.21,2020-01-29 07:00:00
296,1580277600000,0.8373,0.849,0.8345,0.8432,19624.56,2020-01-29 06:00:00
297,1580274000000,0.8239,0.838,0.8239,0.838,18057.65,2020-01-29 05:00:00
298,1580270400000,0.8198,0.8239,0.8198,0.8239,4165.63,2020-01-29 04:00:00
299,1580266800000,0.8273,0.8274,0.8158,0.8198,52709.81,2020-01-29 03:00:00
300,1580263200000,0.8275,0.83,0.8204,0.83,28184.31,2020-01-29 02:00:00
301,1580259600000,0.816,0.8276,0.8157,0.8276,28339.23,2020-01-29 01:00:00
302,1580256000000,0.8197,0.8227,0.8155,0.8197,11196.24,2020-01-29 00:00:00
303,1580252400000,0.8159,0.8287,0.8111,0.8205,19175.38,2020-01-28 23:00:00
304,1580248800000,0.8087,0.8169,0.805,0.8127,3088.12,2020-01-28 22:00:00
305,1580245200000,0.8071,0.8117,0.804,0.8099,4621.01,2020-01-28 21:00:00
306,1580241600000,0.8056,0.8072,0.8037,0.8037,8745.22,2020-01-28 20:00:00
307,1580238000000,0.8012,0.806,0.7982,0.803,1333.96,2020-01-28 19:00:00
308,1580234400000,0.7999,0.8025,0.7982,0.7983,4251.66,2020-01-28 18:00:00
309,1580230800000,0.7998,0.8027,0.7969,0.7997,5287.9,2020-01-28 17:00:00
310,1580227200000,0.8041,0.8082,0.8,0.8033,14561.02,2020-01-28 16:00:00
311,1580223600000,0.8175,0.8175,0.8016,0.8041,14126.56,2020-01-28 15:00:00
312,1580220000000,0.817,0.8299,0.817,0.8188,13475.78,2020-01-28 14:00:00
313,1580216400000,0.8104,0.8157,0.8092,0.8144,16839.98,2020-01-28 13:00:00
314,1580212800000,0.8138,0.8138,0.8049,0.8051,12493.12,2020-01-28 12:00:00
315,1580209200000,0.8144,0.8149,0.809,0.8096,4510.3,2020-01-28 11:00:00
316,1580205600000,0.8078,0.812,0.8078,0.8113,2222.38,2020-01-28 10:00:00
317,1580202000000,0.8078,0.8116,0.8078,0.8078,3963.94,2020-01-28 09:00:00
318,1580198400000,0.8087,0.8125,0.8078,0.8078,5706.98,2020-01-28 08:00:00
319,1580194800000,0.8101,0.8129,0.8067,0.8089,4935.73,2020-01-28 07:00:00
320,1580191200000,0.8129,0.813,0.8083,0.8087,5836.83,2020-01-28 06:00:00
321,1580187600000,0.8118,0.8131,0.8087,0.8128,11484.56,2020-01-28 05:00:00
322,1580184000000,0.8243,0.8243,0.8106,0.8106,19170.78,2020-01-28 04:00:00
323,1580180400000,0.8251,0.8277,0.8207,0.8207,11113.31,2020-01-28 03:00:00
324,1580176800000,0.8204,0.829,0.8197,0.829,5706.29,2020-01-28 02:00:00
325,1580173200000,0.8156,0.821,0.8133,0.8184,10851.04,2020-01-28 01:00:00
326,1580169600000,0.8085,0.819,0.8083,0.8117,2172.38,2020-01-28 00:00:00
327,1580166000000,0.8078,0.8142,0.8074,0.8074,2346.32,2020-01-27 23:00:00
328,1580162400000,0.8119,0.814,0.8077,0.8088,7410.87,2020-01-27 22:00:00
329,1580158800000,0.8154,0.8161,0.8121,0.8121,4540.46,2020-01-27 21:00:00
330,1580155200000,0.8196,0.8196,0.8139,0.8173,6041.51,2020-01-27 20:00:00
331,1580151600000,0.8202,0.8234,0.815,0.8151,13106.98,2020-01-27 19:00:00
332,1580148000000,0.8187,0.8245,0.8147,0.8245,18924.11,2020-01-27 18:00:00
333,1580144400000,0.8219,0.8243,0.82,0.8221,4404.93,2020-01-27 17:00:00
334,1580140800000,0.8227,0.825,0.8184,0.8215,13663.79,2020-01-27 16:00:00
335,1580137200000,0.8196,0.8281,0.8196,0.8227,6735.9,2020-01-27 15:00:00
336,1580133600000,0.8181,0.823,0.8163,0.8196,7632.59,2020-01-27 14:00:00
337,1580130000000,0.8175,0.8207,0.8121,0.8181,17726.66,2020-01-27 13:00:00
338,1580126400000,0.8129,0.8163,0.8067,0.8151,17884.14,2020-01-27 12:00:00
339,1580122800000,0.8079,0.8178,0.8079,0.8178,16154.34,2020-01-27 11:00:00
340,1580119200000,0.8134,0.8163,0.8079,0.81,14973.05,2020-01-27 10:00:00
341,1580115600000,0.8071,0.8148,0.806,0.8148,7184.05,2020-01-27 09:00:00
342,1580112000000,0.8106,0.8121,0.8028,0.808,28829.98,2020-01-27 08:00:00
343,1580108400000,0.8263,0.83,0.8094,0.8116,18556.05,2020-01-27 07:00:00
344,1580104800000,0.824,0.8317,0.8214,0.8261,14892.16,2020-01-27 06:00:00
345,1580101200000,0.8117,0.8257,0.808,0.8247,28698.36,2020-01-27 05:00:00
346,1580097600000,0.8072,0.8148,0.8069,0.808,16570.12,2020-01-27 04:00:00
347,1580094000000,0.807,0.81,0.8059,0.8074,6142.97,2020-01-27 03:00:00
348,1580090400000,0.801,0.8074,0.8002,0.8074,5714.88,2020-01-27 02:00:00
349,1580086800000,0.8009,0.8052,0.7976,0.804,4424.02,2020-01-27 01:00:00
350,1580083200000,0.7931,0.802,0.7931,0.797,13021.4,2020-01-27 00:00:00
351,1580079600000,0.7843,0.7943,0.7808,0.7905,7016.3,2020-01-26 23:00:00
352,1580076000000,0.7876,0.7879,0.7831,0.7844,1558.47,2020-01-26 22:00:00
353,1580072400000,0.7875,0.7878,0.7844,0.7876,2687.4,2020-01-26 21:00:00
354,1580068800000,0.7871,0.7894,0.7846,0.7849,11949.68,2020-01-26 20:00:00
355,1580065200000,0.7997,0.7997,0.7866,0.7885,15778.9,2020-01-26 19:00:00
356,1580061600000,0.8022,0.8055,0.7987,0.7997,19719.02,2020-01-26 18:00:00
357,1580058000000,0.7885,0.8054,0.7848,0.8001,33851.6,2020-01-26 17:00:00
358,1580054400000,0.7807,0.79,0.7786,0.79,18138.21,2020-01-26 16:00:00
359,1580050800000,0.7793,0.7807,0.7788,0.7807,1694.35,2020-01-26 15:00:00
360,1580047200000,0.7805,0.7808,0.778,0.7808,4703.58,2020-01-26 14:00:00
361,1580043600000,0.7779,0.7804,0.7779,0.7804,4613.83,2020-01-26 13:00:00
362,1580040000000,0.7771,0.7779,0.7741,0.7751,1300.08,2020-01-26 12:00:00
363,1580036400000,0.7729,0.778,0.7714,0.7771,9536.53,2020-01-26 11:00:00
364,1580032800000,0.7705,0.7731,0.768,0.7731,5770.88,2020-01-26 10:00:00
365,1580029200000,0.7714,0.7715,0.7676,0.7676,10367.16,2020-01-26 09:00:00
366,1580025600000,0.7645,0.7715,0.7645,0.7686,7068.95,2020-01-26 08:00:00
367,1580022000000,0.7629,0.7653,0.7629,0.7653,2756.23,2020-01-26 07:00:00
368,1580018400000,0.7607,0.7607,0.7607,0.7607,161.33,2020-01-26 06:00:00
369,1580014800000,0.7637,0.7637,0.7637,0.7637,0.0,2020-01-26 05:00:00
370,1580011200000,0.7631,0.7637,0.7631,0.7637,6523.07,2020-01-26 04:00:00
371,1580007600000,0.757,0.7637,0.7567,0.7637,1136.88,2020-01-26 03:00:00
372,1580004000000,0.761,0.761,0.7568,0.7568,57.51,2020-01-26 02:00:00
373,1580000400000,0.7577,0.7577,0.7577,0.7577,26.4,2020-01-26 01:00:00
374,1579996800000,0.7622,0.7622,0.7552,0.7566,560.63,2020-01-26 00:00:00
375,1579993200000,0.7667,0.7667,0.7607,0.7607,446.94,2020-01-25 23:00:00
376,1579989600000,0.7617,0.7679,0.7598,0.7636,5474.54,2020-01-25 22:00:00
377,1579986000000,0.7612,0.7659,0.7611,0.7659,1191.98,2020-01-25 21:00:00
378,1579982400000,0.7611,0.7612,0.7562,0.7596,5422.61,2020-01-25 20:00:00
379,1579978800000,0.7603,0.7612,0.7603,0.7612,412.5,2020-01-25 19:00:00
380,1579975200000,0.7582,0.7603,0.7582,0.7601,719.23,2020-01-25 18:00:00
381,1579971600000,0.7561,0.7592,0.7558,0.7591,2327.28,2020-01-25 17:00:00
382,1579968000000,0.758,0.7583,0.7557,0.7579,1323.05,2020-01-25 16:00:00
383,1579964400000,0.7565,0.7585,0.7555,0.7585,835.55,2020-01-25 15:00:00
384,1579960800000,0.757,0.7578,0.7569,0.7569,3223.74,2020-01-25 14:00:00
385,1579957200000,0.757,0.7591,0.757,0.7584,4326.94,2020-01-25 13:00:00
386,1579953600000,0.7578,0.7578,0.7532,0.7532,4634.6,2020-01-25 12:00:00
387,1579950000000,0.7583,0.7583,0.7576,0.7576,1398.46,2020-01-25 11:00:00
388,1579946400000,0.7599,0.7604,0.7573,0.7592,1404.51,2020-01-25 10:00:00
389,1579942800000,0.7627,0.7629,0.7585,0.7601,423.32,2020-01-25 09:00:00
390,1579939200000,0.755,0.7636,0.755,0.7636,5531.39,2020-01-25 08:00:00
391,1579935600000,0.7566,0.7574,0.753,0.753,250.57,2020-01-25 07:00:00
392,1579932000000,0.7569,0.7589,0.7536,0.7545,4919.72,2020-01-25 06:00:00
393,1579928400000,0.7577,0.7577,0.7496,0.7546,6586.47,2020-01-25 05:00:00
394,1579924800000,0.7569,0.7599,0.7569,0.7579,507.09,2020-01-25 04:00:00
395,1579921200000,0.7628,0.7628,0.7507,0.7542,9308.67,2020-01-25 03:00:00
396,1579917600000,0.7575,0.7608,0.7575,0.7586,4635.6,2020-01-25 02:00:00
397,1579914000000,0.7625,0.7625,0.7565,0.7565,682.13,2020-01-25 01:00:00
398,1579910400000,0.7735,0.7735,0.7592,0.7592,18115.46,2020-01-25 00:00:00
399,1579906800000,0.7809,0.7823,0.7754,0.7754,450.62,2020-01-24 23:00:00
400,1579903200000,0.782,0.782,0.774,0.7809,17989.11,2020-01-24 22:00:00
401,1579899600000,0.789,0.7892,0.7785,0.7785,6607.96,2020-01-24 21:00:00
402,1579896000000,0.7854,0.7873,0.7809,0.7873,6441.9,2020-01-24 20:00:00
403,1579892400000,0.7763,0.7879,0.7763,0.7855,4093.79,2020-01-24 19:00:00
404,1579888800000,0.775,0.7783,0.7737,0.7761,3434.69,2020-01-24 18:00:00
405,1579885200000,0.7793,0.7793,0.7722,0.7749,2122.06,2020-01-24 17:00:00
406,1579881600000,0.7812,0.7833,0.775,0.7789,9425.38,2020-01-24 16:00:00
407,1579878000000,0.7772,0.7791,0.7712,0.778,18980.91,2020-01-24 15:00:00
408,1579874400000,0.7755,0.7859,0.7755,0.7783,17226.22,2020-01-24 14:00:00
409,1579870800000,0.764,0.7755,0.764,0.7755,13051.58,2020-01-24 13:00:00
410,1579867200000,0.7551,0.7659,0.7523,0.7659,15748.86,2020-01-24 12:00:00
411,1579863600000,0.7304,0.7556,0.7304,0.754,14605.24,2020-01-24 11:00:00
412,1579860000000,0.7315,0.7347,0.7292,0.7326,28236.09,2020-01-24 10:00:00
413,1579856400000,0.7475,0.7475,0.7258,0.7301,45774.14,2020-01-24 09:00:00
414,1579852800000,0.7505,0.7507,0.7475,0.7507,894.51,2020-01-24 08:00:00
415,1579849200000,0.7474,0.7517,0.7452,0.7493,2356.46,2020-01-24 07:00:00
416,1579845600000,0.7446,0.7469,0.7445,0.7468,5578.9,2020-01-24 06:00:00
417,1579842000000,0.745,0.7469,0.7425,0.7461,7169.82,2020-01-24 05:00:00
418,1579838400000,0.7417,0.7444,0.7413,0.7444,5966.03,2020-01-24 04:00:00
419,1579834800000,0.7462,0.7469,0.7415,0.746,6974.29,2020-01-24 03:00:00
420,1579831200000,0.7625,0.7625,0.7444,0.7463,24104.46,2020-01-24 02:00:00
421,1579827600000,0.766,0.7665,0.761,0.761,3051.61,2020-01-24 01:00:00
422,1579824000000,0.762,0.7656,0.7602,0.7656,5316.1,2020-01-24 00:00:00
423,1579820400000,0.76,0.7638,0.7543,0.7638,13133.68,2020-01-23 23:00:00
424,1579816800000,0.762,0.7656,0.76,0.7642,7294.01,2020-01-23 22:00:00
425,1579813200000,0.7663,0.7679,0.7593,0.7599,29697.08,2020-01-23 21:00:00
426,1579809600000,0.7641,0.7664,0.7631,0.7664,6440.68,2020-01-23 20:00:00
427,1579806000000,0.7658,0.7678,0.7644,0.7664,4873.02,2020-01-23 19:00:00
428,1579802400000,0.7633,0.766,0.76,0.766,15205.93,2020-01-23 18:00:00
429,1579798800000,0.771,0.7745,0.7633,0.7653,18052.67,2020-01-23 17:00:00
430,1579795200000,0.7766,0.7808,0.7685,0.771,8199.21,2020-01-23 16:00:00
431,1579791600000,0.7831,0.7848,0.776,0.7766,9968.38,2020-01-23 15:00:00
432,1579788000000,0.7848,0.7853,0.779,0.7838,5148.79,2020-01-23 14:00:00
433,1579784400000,0.7929,0.7929,0.7814,0.7868,8932.77,2020-01-23 13:00:00
434,1579780800000,0.7891,0.7994,0.7891,0.7936,4104.86,2020-01-23 12:00:00
435,1579777200000,0.7902,0.793,0.7888,0.793,4234.4,2020-01-23 11:00:00
436,1579773600000,0.7891,0.7932,0.788,0.7908,3629.6,2020-01-23 10:00:00
437,1579770000000,0.7978,0.7978,0.7891,0.7894,10651.82,2020-01-23 09:00:00
438,1579766400000,0.8078,0.808,0.7978,0.7982,5944.46,2020-01-23 08:00:00
439,1579762800000,0.804,0.808,0.8019,0.808,12132.21,2020-01-23 07:00:00
440,1579759200000,0.8046,0.8071,0.8019,0.8019,3636.55,2020-01-23 06:00:00
441,1579755600000,0.8049,0.8082,0.8003,0.8071,5408.05,2020-01-23 05:00:00
442,1579752000000,0.8071,0.8111,0.8045,0.8077,8061.62,2020-01-23 04:00:00
443,1579748400000,0.8097,0.8137,0.8086,0.8115,13204.79,2020-01-23 03:00:00
444,1579744800000,0.8077,0.8128,0.8046,0.8109,17511.25,2020-01-23 02:00:00
445,1579741200000,0.8147,0.8147,0.8077,0.8086,8344.54,2020-01-23 01:00:00
446,1579737600000,0.8165,0.8173,0.813,0.8144,6179.01,2020-01-23 00:00:00
447,1579734000000,0.8132,0.8173,0.8129,0.8165,12072.14,2020-01-22 23:00:00
448,1579730400000,0.8103,0.8138,0.8102,0.8127,1167.41,2020-01-22 22:00:00
449,1579726800000,0.8126,0.8131,0.8089,0.8125,6408.89,2020-01-22 21:00:00
450,1579723200000,0.8112,0.8133,0.8089,0.8126,1825.16,2020-01-22 20:00:00
451,1579719600000,0.8135,0.8168,0.8092,0.8132,18448.62,2020-01-22 19:00:00
452,1579716000000,0.8195,0.8195,0.8105,0.8113,17836.45,2020-01-22 18:00:00
453,1579712400000,0.8279,0.8279,0.8197,0.8231,1885.72,2020-01-22 17:00:00
454,1579708800000,0.8212,0.8284,0.8132,0.8284,24331.32,2020-01-22 16:00:00
455,1579705200000,0.8157,0.8257,0.8157,0.8257,15937.16,2020-01-22 15:00:00
456,1579701600000,0.8113,0.8158,0.8111,0.8149,3989.04,2020-01-22 14:00:00
457,1579698000000,0.8255,0.827,0.8068,0.8145,9317.92,2020-01-22 13:00:00
458,1579694400000,0.8234,0.8284,0.8211,0.8284,7693.78,2020-01-22 12:00:00
459,1579690800000,0.8253,0.8282,0.8217,0.8234,9240.52,2020-01-22 11:00:00
460,1579687200000,0.8257,0.8298,0.8236,0.8265,11357.52,2020-01-22 10:00:00
461,1579683600000,0.8247,0.8296,0.8211,0.8279,8436.04,2020-01-22 09:00:00
462,1579680000000,0.8329,0.8329,0.8231,0.8247,11734.48,2020-01-22 08:00:00
463,1579676400000,0.8399,0.8452,0.8286,0.8324,39931.03,2020-01-22 07:00:00
464,1579672800000,0.8386,0.8395,0.8345,0.838,9790.17,2020-01-22 06:00:00
465,1579669200000,0.8425,0.8484,0.8386,0.8386,13742.67,2020-01-22 05:00:00
466,1579665600000,0.8325,0.845,0.8325,0.8425,11223.59,2020-01-22 04:00:00
467,1579662000000,0.8249,0.8373,0.8245,0.8325,20790.6,2020-01-22 03:00:00
468,1579658400000,0.8303,0.8316,0.8192,0.822,17685.86,2020-01-22 02:00:00
469,1579654800000,0.8361,0.8361,0.8285,0.8315,9869.07,2020-01-22 01:00:00
470,1579651200000,0.8387,0.8387,0.825,0.836,38672.79,2020-01-22 00:00:00
471,1579647600000,0.8187,0.8385,0.8169,0.838,19505.13,2020-01-21 23:00:00
472,1579644000000,0.8097,0.8197,0.8036,0.8187,17372.38,2020-01-21 22:00:00
473,1579640400000,0.8038,0.8148,0.8038,0.8097,22289.76,2020-01-21 21:00:00
474,1579636800000,0.778,0.8048,0.7774,0.8038,23021.46,2020-01-21 20:00:00
475,1579633200000,0.7941,0.7941,0.778,0.7781,16161.46,2020-01-21 19:00:00
476,1579629600000,0.7963,0.7963,0.7913,0.7913,754.68,2020-01-21 18:00:00
477,1579626000000,0.796,0.7964,0.792,0.7963,2945.44,2020-01-21 17:00:00
478,1579622400000,0.7924,0.7983,0.7894,0.7942,7487.35,2020-01-21 16:00:00
479,1579618800000,0.8043,0.8043,0.7921,0.7921,25292.92,2020-01-21 15:00:00
480,1579615200000,0.8035,0.8045,0.8008,0.8014,7768.23,2020-01-21 14:00:00
481,1579611600000,0.8005,0.805,0.8001,0.8035,9814.65,2020-01-21 13:00:00
482,1579608000000,0.7939,0.8034,0.7903,0.8031,29572.72,2020-01-21 12:00:00
483,1579604400000,0.7867,0.7993,0.7867,0.7942,8054.62,2020-01-21 11:00:00
484,1579600800000,0.7855,0.7895,0.7838,0.7867,2828.32,2020-01-21 10:00:00
485,1579597200000,0.7916,0.7928,0.7855,0.7855,1906.46,2020-01-21 09:00:00
486,1579593600000,0.7833,0.7854,0.7832,0.7838,1205.6,2020-01-21 08:00:00
487,1579590000000,0.7912,0.7913,0.7825,0.7825,1197.37,2020-01-21 07:00:00
488,1579586400000,0.7885,0.7885,0.7844,0.7854,6732.81,2020-01-21 06:00:00
489,1579582800000,0.7957,0.7958,0.7886,0.7886,12027.98,2020-01-21 05:00:00
490,1579579200000,0.7994,0.7994,0.7946,0.7959,1146.63,2020-01-21 04:00:00
491,1579575600000,0.794,0.7996,0.7905,0.7994,51809.39,2020-01-21 03:00:00
492,1579572000000,0.7792,0.7923,0.7792,0.7923,17264.42,2020-01-21 02:00:00
493,1579568400000,0.782,0.7828,0.7793,0.7828,5138.82,2020-01-21 01:00:00
494,1579564800000,0.7791,0.7821,0.775,0.7813,13560.22,2020-01-21 00:00:00
495,1579561200000,0.7806,0.783,0.7791,0.7829,3713.78,2020-01-20 23:00:00
496,1579557600000,0.7861,0.7892,0.7806,0.7836,9246.0,2020-01-20 22:00:00
497,1579554000000,0.7854,0.7892,0.7844,0.7861,4172.37,2020-01-20 21:00:00
498,1579550400000,0.7884,0.7893,0.7837,0.7892,11563.31,2020-01-20 20:00:00
499,1579546800000,0.7889,0.7889,0.7865,0.7887,969.71,2020-01-20 19:00:00
500,1579543200000,0.7881,0.7925,0.7858,0.7887,1248.79,2020-01-20 18:00:00
501,1579539600000,0.7917,0.7921,0.7868,0.7893,1342.86,2020-01-20 17:00:00
502,1579536000000,0.79,0.7947,0.7863,0.7877,7383.63,2020-01-20 16:00:00
503,1579532400000,0.788,0.79,0.783,0.7877,8987.92,2020-01-20 15:00:00
504,1579528800000,0.7688,0.7898,0.7688,0.788,13253.77,2020-01-20 14:00:00
505,1579525200000,0.7594,0.78,0.7571,0.7723,33989.13,2020-01-20 13:00:00
506,1579521600000,0.7675,0.7736,0.7512,0.7591,33353.1,2020-01-20 12:00:00
507,1579518000000,0.7783,0.7783,0.7645,0.77,9400.78,2020-01-20 11:00:00
508,1579514400000,0.777,0.7793,0.7743,0.7783,2953.15,2020-01-20 10:00:00
509,1579510800000,0.7781,0.7809,0.777,0.777,4094.02,2020-01-20 09:00:00
510,1579507200000,0.7816,0.7824,0.7719,0.7791,6253.72,2020-01-20 08:00:00
511,1579503600000,0.7873,0.7873,0.7758,0.7796,16999.06,2020-01-20 07:00:00
512,1579500000000,0.7849,0.7877,0.7819,0.7826,7026.14,2020-01-20 06:00:00
513,1579496400000,0.7824,0.7869,0.782,0.782,10429.11,2020-01-20 05:00:00
514,1579492800000,0.7833,0.7847,0.7795,0.7824,9549.27,2020-01-20 04:00:00
515,1579489200000,0.7836,0.788,0.7793,0.78,10174.88,2020-01-20 03:00:00
516,1579485600000,0.7847,0.7889,0.7814,0.7837,4102.38,2020-01-20 02:00:00
517,1579482000000,0.7897,0.7901,0.7806,0.7851,3613.33,2020-01-20 01:00:00
518,1579478400000,0.7998,0.8007,0.7856,0.7898,38678.46,2020-01-20 00:00:00
519,1579474800000,0.7975,0.8,0.7964,0.7998,2914.94,2020-01-19 23:00:00
520,1579471200000,0.7905,0.7972,0.7711,0.7971,24215.63,2020-01-19 22:00:00
521,1579467600000,0.7852,0.799,0.7844,0.7872,11535.33,2020-01-19 21:00:00
522,1579464000000,0.7829,0.7857,0.7814,0.7826,6249.51,2020-01-19 20:00:00
523,1579460400000,0.7824,0.7842,0.7796,0.7806,7354.45,2020-01-19 19:00:00
524,1579456800000,0.7819,0.7838,0.7793,0.783,4818.21,2020-01-19 18:00:00
525,1579453200000,0.786,0.7887,0.7813,0.7849,10233.28,2020-01-19 17:00:00
526,1579449600000,0.7944,0.7963,0.7859,0.7884,38851.98,2020-01-19 16:00:00
527,1579446000000,0.7863,0.7944,0.7823,0.7944,6692.54,2020-01-19 15:00:00
528,1579442400000,0.7789,0.7881,0.7789,0.7863,18754.11,2020-01-19 14:00:00
529,1579438800000,0.7763,0.7821,0.766,0.7821,35613.02,2020-01-19 13:00:00
530,1579435200000,0.7837,0.7837,0.7582,0.7757,88982.02,2020-01-19 12:00:00
531,1579431600000,0.842,0.842,0.7753,0.785,223925.69,2020-01-19 11:00:00
532,1579428000000,0.849,0.8527,0.8429,0.843,28171.99,2020-01-19 10:00:00
533,1579424400000,0.8396,0.853,0.8396,0.8492,15162.52,2020-01-19 09:00:00
534,1579420800000,0.831,0.8396,0.831,0.8396,17062.17,2020-01-19 08:00:00
535,1579417200000,0.8298,0.8348,0.8298,0.8317,6204.97,2020-01-19 07:00:00
536,1579413600000,0.8388,0.8403,0.8326,0.8347,6035.37,2020-01-19 06:00:00
537,1579410000000,0.8375,0.8402,0.8349,0.8366,7396.42,2020-01-19 05:00:00
538,1579406400000,0.8434,0.8435,0.8362,0.8375,10628.11,2020-01-19 04:00:00
539,1579402800000,0.845,0.8471,0.8424,0.8424,10505.07,2020-01-19 03:00:00
540,1579399200000,0.8449,0.8464,0.8418,0.8463,5850.64,2020-01-19 02:00:00
541,1579395600000,0.8481,0.858,0.8407,0.8407,60052.57,2020-01-19 01:00:00
542,1579392000000,0.8392,0.8476,0.8357,0.8464,10294.05,2020-01-19 00:00:00
543,1579388400000,0.855,0.8555,0.8343,0.8392,26483.8,2020-01-18 23:00:00
544,1579384800000,0.8308,0.8588,0.8308,0.857,28941.25,2020-01-18 22:00:00
545,1579381200000,0.8268,0.8336,0.8257,0.8332,7284.62,2020-01-18 21:00:00
546,1579377600000,0.8293,0.8295,0.8265,0.8269,10391.78,2020-01-18 20:00:00
547,1579374000000,0.825,0.8289,0.825,0.8286,8373.13,2020-01-18 19:00:00
548,1579370400000,0.8322,0.8322,0.8251,0.8251,9137.53,2020-01-18 18:00:00
549,1579366800000,0.8288,0.8372,0.8271,0.8322,13940.07,2020-01-18 17:00:00
550,1579363200000,0.8326,0.853,0.808,0.8322,69168.69,2020-01-18 16:00:00
551,1579359600000,0.8623,0.8636,0.8145,0.8326,65513.16,2020-01-18 15:00:00
552,1579356000000,0.8597,0.8746,0.8581,0.8591,39854.42,2020-01-18 14:00:00
553,1579352400000,0.856,0.8659,0.8537,0.8577,26719.88,2020-01-18 13:00:00
554,1579348800000,0.8458,0.8576,0.8458,0.856,8617.66,2020-01-18 12:00:00
555,1579345200000,0.8514,0.852,0.8414,0.8463,12773.65,2020-01-18 11:00:00
556,1579341600000,0.8524,0.8577,0.8516,0.8516,13810.53,2020-01-18 10:00:00
557,1579338000000,0.8456,0.8541,0.8427,0.8516,22955.53,2020-01-18 09:00:00
558,1579334400000,0.84,0.8483,0.831,0.8483,32037.27,2020-01-18 08:00:00
559,1579330800000,0.837,0.8491,0.834,0.8394,26124.8,2020-01-18 07:00:00
560,1579327200000,0.8246,0.8371,0.8111,0.837,29924.8,2020-01-18 06:00:00
561,1579323600000,0.8285,0.8323,0.8093,0.8246,42274.58,2020-01-18 05:00:00
562,1579320000000,0.8548,0.8568,0.8225,0.8278,47071.29,2020-01-18 04:00:00
563,1579316400000,0.8572,0.8594,0.8557,0.8573,6849.31,2020-01-18 03:00:00
564,1579312800000,0.862,0.863,0.849,0.8543,26614.53,2020-01-18 02:00:00
565,1579309200000,0.8905,0.891,0.8615,0.8658,32169.73,2020-01-18 01:00:00
566,1579305600000,0.885,0.8975,0.8742,0.8905,36786.61,2020-01-18 00:00:00
567,1579302000000,0.8694,0.896,0.8694,0.885,57125.15,2020-01-17 23:00:00
568,1579298400000,0.8815,0.8815,0.8576,0.8694,37686.67,2020-01-17 22:00:00
569,1579294800000,0.861,0.8827,0.861,0.8757,81366.76,2020-01-17 21:00:00
570,1579291200000,0.8209,0.865,0.8209,0.861,52278.88,2020-01-17 20:00:00
571,1579287600000,0.8423,0.847,0.8164,0.8226,51688.39,2020-01-17 19:00:00
572,1579284000000,0.8303,0.847,0.8303,0.84,50278.7,2020-01-17 18:00:00
573,1579280400000,0.8011,0.8351,0.7966,0.8303,76102.56,2020-01-17 17:00:00
574,1579276800000,0.7886,0.8077,0.7885,0.8011,43764.54,2020-01-17 16:00:00
575,1579273200000,0.7772,0.79,0.7772,0.7881,9285.36,2020-01-17 15:00:00
576,1579269600000,0.7917,0.7925,0.7723,0.7799,34455.1,2020-01-17 14:00:00
577,1579266000000,0.7882,0.7932,0.7862,0.7916,24725.6,2020-01-17 13:00:00
578,1579262400000,0.8032,0.8032,0.7763,0.7869,32525.33,2020-01-17 12:00:00
579,1579258800000,0.8061,0.8061,0.8013,0.8032,3969.91,2020-01-17 11:00:00
580,1579255200000,0.8101,0.8141,0.7999,0.8031,27872.4,2020-01-17 10:00:00
581,1579251600000,0.8065,0.8139,0.8061,0.809,30478.61,2020-01-17 09:00:00
582,1579248000000,0.7955,0.8115,0.7951,0.8076,37466.3,2020-01-17 08:00:00
583,1579244400000,0.7911,0.7965,0.7849,0.7959,16906.05,2020-01-17 07:00:00
584,1579240800000,0.8003,0.8037,0.7894,0.7894,8209.74,2020-01-17 06:00:00
585,1579237200000,0.7796,0.8007,0.7764,0.7996,89131.53,2020-01-17 05:00:00
586,1579233600000,0.7756,0.7797,0.7728,0.7785,5137.4,2020-01-17 04:00:00
587,1579230000000,0.7749,0.7839,0.7738,0.7749,20297.99,2020-01-17 03:00:00
588,1579226400000,0.7704,0.7785,0.7684,0.775,6833.35,2020-01-17 02:00:00
589,1579222800000,0.7656,0.7717,0.7643,0.7703,8151.12,2020-01-17 01:00:00
590,1579219200000,0.7749,0.7782,0.759,0.7632,17362.1,2020-01-17 00:00:00
591,1579215600000,0.7752,0.7771,0.7724,0.7749,4144.64,2020-01-16 23:00:00
592,1579212000000,0.7735,0.7826,0.7735,0.777,5823.96,2020-01-16 22:00:00
593,1579208400000,0.775,0.7767,0.7714,0.7737,26001.64,2020-01-16 21:00:00
594,1579204800000,0.7717,0.775,0.7697,0.7747,8278.18,2020-01-16 20:00:00
595,1579201200000,0.7672,0.7717,0.7669,0.7711,4250.2,2020-01-16 19:00:00
596,1579197600000,0.7749,0.7749,0.7625,0.7722,12320.63,2020-01-16 18:00:00
597,1579194000000,0.7629,0.7774,0.7629,0.7704,21979.54,2020-01-16 17:00:00
598,1579190400000,0.7614,0.7651,0.7589,0.7629,3324.75,2020-01-16 16:00:00
599,1579186800000,0.76,0.765,0.7559,0.7645,7336.62,2020-01-16 15:00:00
600,1579183200000,0.7606,0.7606,0.7518,0.7562,7759.66,2020-01-16 14:00:00
601,1579179600000,0.7662,0.7662,0.7546,0.7599,12134.39,2020-01-16 13:00:00
602,1579176000000,0.7672,0.7748,0.7658,0.7672,17086.6,2020-01-16 12:00:00
603,1579172400000,0.7575,0.7664,0.7554,0.7664,7077.2,2020-01-16 11:00:00
604,1579168800000,0.7527,0.7593,0.7513,0.7581,2342.2,2020-01-16 10:00:00
605,1579165200000,0.7561,0.7561,0.7508,0.756,3800.6,2020-01-16 09:00:00
606,1579161600000,0.7515,0.761,0.7513,0.7572,7900.37,2020-01-16 08:00:00
607,1579158000000,0.7607,0.7607,0.7538,0.7538,11225.3,2020-01-16 07:00:00
608,1579154400000,0.7577,0.7632,0.7554,0.7621,11597.84,2020-01-16 06:00:00
609,1579150800000,0.7549,0.7587,0.7526,0.7568,4802.69,2020-01-16 05:00:00
610,1579147200000,0.7488,0.7599,0.7463,0.7517,30454.85,2020-01-16 04:00:00
611,1579143600000,0.7491,0.7506,0.7427,0.7463,10673.48,2020-01-16 03:00:00
612,1579140000000,0.7504,0.7593,0.748,0.7498,6517.22,2020-01-16 02:00:00
613,1579136400000,0.7775,0.778,0.7453,0.7502,70136.34,2020-01-16 01:00:00
614,1579132800000,0.7973,0.7998,0.7722,0.7769,41027.72,2020-01-16 00:00:00
615,1579129200000,0.8041,0.8045,0.7922,0.7959,26340.96,2020-01-15 23:00:00
616,1579125600000,0.8046,0.8078,0.7988,0.8041,18829.49,2020-01-15 22:00:00
617,1579122000000,0.8162,0.8162,0.8012,0.8032,15586.29,2020-01-15 21:00:00
618,1579118400000,0.814,0.8166,0.8029,0.8162,22162.93,2020-01-15 20:00:00
619,1579114800000,0.8056,0.8208,0.8027,0.814,37840.9,2020-01-15 19:00:00
620,1579111200000,0.8115,0.8115,0.7998,0.8056,34594.9,2020-01-15 18:00:00
621,1579107600000,0.8074,0.8113,0.8038,0.8079,18151.65,2020-01-15 17:00:00
622,1579104000000,0.7786,0.8241,0.7744,0.8109,87090.4,2020-01-15 16:00:00
623,1579100400000,0.7935,0.7935,0.7744,0.7786,43434.29,2020-01-15 15:00:00
624,1579096800000,0.8094,0.8094,0.7866,0.7957,56174.49,2020-01-15 14:00:00
625,1579093200000,0.8065,0.81,0.7987,0.8099,10361.76,2020-01-15 13:00:00
626,1579089600000,0.7908,0.8051,0.7891,0.8051,29983.0,2020-01-15 12:00:00
627,1579086000000,0.7968,0.802,0.7906,0.7919,23512.55,2020-01-15 11:00:00
628,1579082400000,0.8017,0.8049,0.7916,0.7999,24981.58,2020-01-15 10:00:00
629,1579078800000,0.7805,0.8053,0.7805,0.8036,23498.75,2020-01-15 09:00:00
630,1579075200000,0.7574,0.7955,0.7533,0.7813,35393.25,2020-01-15 08:00:00
631,1579071600000,0.7754,0.7754,0.756,0.7575,18151.69,2020-01-15 07:00:00
632,1579068000000,0.7535,0.7782,0.7535,0.7741,27598.32,2020-01-15 06:00:00
633,1579064400000,0.7442,0.756,0.7406,0.7538,30820.23,2020-01-15 05:00:00
634,1579060800000,0.7774,0.7778,0.7413,0.7448,77357.68,2020-01-15 04:00:00
635,1579057200000,0.8086,0.8095,0.7759,0.7779,48116.81,2020-01-15 03:00:00
636,1579053600000,0.7969,0.8097,0.7913,0.8043,53059.17,2020-01-15 02:00:00
637,1579050000000,0.77,0.7948,0.752,0.7939,85373.19,2020-01-15 01:00:00
638,1579046400000,0.7321,0.7799,0.7265,0.77,67466.56,2020-01-15 00:00:00
639,1579042800000,0.7236,0.7419,0.7236,0.735,57515.76,2020-01-14 23:00:00
640,1579039200000,0.7191,0.7335,0.7191,0.7238,30536.55,2020-01-14 22:00:00
641,1579035600000,0.7133,0.7209,0.705,0.7181,26862.64,2020-01-14 21:00:00
642,1579032000000,0.7188,0.723,0.7126,0.7173,28800.31,2020-01-14 20:00:00
643,1579028400000,0.724,0.7247,0.716,0.7226,27010.66,2020-01-14 19:00:00
644,1579024800000,0.7321,0.7476,0.7146,0.7237,43219.62,2020-01-14 18:00:00
645,1579021200000,0.7095,0.7464,0.7071,0.7321,79613.42,2020-01-14 17:00:00
646,1579017600000,0.7149,0.7156,0.6909,0.7095,55785.05,2020-01-14 16:00:00
647,1579014000000,0.7041,0.7208,0.6954,0.7145,33045.16,2020-01-14 15:00:00
648,1579010400000,0.6951,0.7155,0.6934,0.7074,63748.56,2020-01-14 14:00:00
649,1579006800000,0.6882,0.6943,0.6871,0.6935,27931.02,2020-01-14 13:00:00
650,1579003200000,0.6936,0.7,0.6854,0.6891,44065.62,2020-01-14 12:00:00
651,1578999600000,0.6931,0.6957,0.6917,0.6932,5208.68,2020-01-14 11:00:00
652,1578996000000,0.6908,0.6939,0.6868,0.6931,8938.86,2020-01-14 10:00:00
653,1578992400000,0.6915,0.697,0.689,0.689,15456.6,2020-01-14 09:00:00
654,1578988800000,0.6915,0.6918,0.6901,0.6915,734.29,2020-01-14 08:00:00
655,1578985200000,0.69,0.6918,0.6877,0.6915,8501.68,2020-01-14 07:00:00
656,1578981600000,0.6906,0.692,0.6868,0.691,10975.79,2020-01-14 06:00:00
657,1578978000000,0.6934,0.6969,0.69,0.69,5399.25,2020-01-14 05:00:00
658,1578974400000,0.6912,0.6968,0.687,0.6957,42432.95,2020-01-14 04:00:00
659,1578970800000,0.6881,0.6907,0.684,0.6885,9615.64,2020-01-14 03:00:00
660,1578967200000,0.6855,0.6878,0.6817,0.6871,2708.91,2020-01-14 02:00:00
661,1578963600000,0.6783,0.6897,0.6765,0.6845,19844.51,2020-01-14 01:00:00
662,1578960000000,0.67,0.676,0.6696,0.6747,6988.91,2020-01-14 00:00:00
663,1578956400000,0.67,0.6732,0.6669,0.6669,3913.52,2020-01-13 23:00:00
664,1578952800000,0.6707,0.6708,0.6684,0.6684,291.92,2020-01-13 22:00:00
665,1578949200000,0.6685,0.6711,0.6681,0.6681,153.22,2020-01-13 21:00:00
666,1578945600000,0.6678,0.67,0.6671,0.6685,1854.76,2020-01-13 20:00:00
667,1578942000000,0.6675,0.6678,0.6655,0.6678,490.53,2020-01-13 19:00:00
668,1578938400000,0.6665,0.6675,0.6648,0.6675,1936.15,2020-01-13 18:00:00
669,1578934800000,0.6659,0.6696,0.6659,0.6692,1880.66,2020-01-13 17:00:00
670,1578931200000,0.658,0.6653,0.658,0.6653,2282.33,2020-01-13 16:00:00
671,1578927600000,0.6615,0.6615,0.6595,0.6604,142.67,2020-01-13 15:00:00
672,1578924000000,0.6653,0.666,0.6574,0.6588,21575.85,2020-01-13 14:00:00
673,1578920400000,0.6729,0.6734,0.6646,0.6672,7759.49,2020-01-13 13:00:00
674,1578916800000,0.6694,0.6747,0.6685,0.6739,3381.98,2020-01-13 12:00:00
675,1578913200000,0.6734,0.6734,0.6701,0.6701,1094.98,2020-01-13 11:00:00
676,1578909600000,0.6716,0.6731,0.6712,0.6731,2972.05,2020-01-13 10:00:00
677,1578906000000,0.6696,0.6717,0.6691,0.6716,616.34,2020-01-13 09:00:00
678,1578902400000,0.669,0.6722,0.6683,0.6722,1686.37,2020-01-13 08:00:00
679,1578898800000,0.6692,0.6711,0.6692,0.6703,2128.14,2020-01-13 07:00:00
680,1578895200000,0.6683,0.6695,0.6671,0.6673,2162.44,2020-01-13 06:00:00
681,1578891600000,0.678,0.678,0.67,0.67,8714.97,2020-01-13 05:00:00
682,1578888000000,0.6693,0.6788,0.6693,0.6787,5075.9,2020-01-13 04:00:00
683,1578884400000,0.671,0.671,0.6661,0.6699,6901.93,2020-01-13 03:00:00
684,1578880800000,0.6793,0.6798,0.6705,0.673,7551.87,2020-01-13 02:00:00
685,1578877200000,0.692,0.6922,0.6787,0.6793,22909.88,2020-01-13 01:00:00
686,1578873600000,0.6942,0.6968,0.6912,0.6926,4100.33,2020-01-13 00:00:00
687,1578870000000,0.6868,0.6943,0.6861,0.6943,3023.88,2020-01-12 23:00:00
688,1578866400000,0.687,0.687,0.6857,0.6857,354.07,2020-01-12 22:00:00
689,1578862800000,0.6849,0.6849,0.6823,0.6842,1092.94,2020-01-12 21:00:00
690,1578859200000,0.6847,0.6897,0.6847,0.6897,2225.49,2020-01-12 20:00:00
691,1578855600000,0.683,0.6847,0.6828,0.6828,1155.38,2020-01-12 19:00:00
692,1578852000000,0.6843,0.6858,0.6806,0.6817,1465.82,2020-01-12 18:00:00
693,1578848400000,0.6843,0.6874,0.6807,0.6835,4095.69,2020-01-12 17:00:00
694,1578844800000,0.6893,0.69,0.6848,0.6861,5717.01,2020-01-12 16:00:00
695,1578841200000,0.6905,0.6905,0.6845,0.6891,10255.67,2020-01-12 15:00:00
696,1578837600000,0.6873,0.6911,0.6856,0.6896,9422.11,2020-01-12 14:00:00
697,1578834000000,0.6813,0.6912,0.679,0.6873,7507.72,2020-01-12 13:00:00
698,1578830400000,0.6777,0.6826,0.6777,0.6814,6930.6,2020-01-12 12:00:00
699,1578826800000,0.6762,0.6795,0.6739,0.6777,8124.53,2020-01-12 11:00:00
700,1578823200000,0.6809,0.6818,0.6779,0.6798,1509.16,2020-01-12 10:00:00
701,1578819600000,0.6852,0.6861,0.6807,0.6807,2491.88,2020-01-12 09:00:00
702,1578816000000,0.685,0.6879,0.6844,0.6879,1004.73,2020-01-12 08:00:00
703,1578812400000,0.6826,0.689,0.6822,0.6885,9502.33,2020-01-12 07:00:00
704,1578808800000,0.6816,0.6877,0.6772,0.6837,11999.59,2020-01-12 06:00:00
705,1578805200000,0.6761,0.6833,0.6749,0.6821,3273.35,2020-01-12 05:00:00
706,1578801600000,0.6779,0.6779,0.6721,0.6721,2377.43,2020-01-12 04:00:00
707,1578798000000,0.6795,0.6803,0.6774,0.6774,1864.27,2020-01-12 03:00:00
708,1578794400000,0.6754,0.6795,0.6754,0.6768,5990.04,2020-01-12 02:00:00
709,1578790800000,0.6738,0.6775,0.673,0.673,8651.26,2020-01-12 01:00:00
710,1578787200000,0.67,0.6773,0.665,0.6738,10091.84,2020-01-12 00:00:00
711,1578783600000,0.6737,0.6747,0.6701,0.6701,2920.34,2020-01-11 23:00:00
712,1578780000000,0.6742,0.678,0.67,0.6732,2998.82,2020-01-11 22:00:00
713,1578776400000,0.682,0.6891,0.6733,0.6734,13511.79,2020-01-11 21:00:00
714,1578772800000,0.6796,0.6824,0.678,0.6795,8010.55,2020-01-11 20:00:00
715,1578769200000,0.6829,0.6836,0.6773,0.6786,5368.58,2020-01-11 19:00:00
716,1578765600000,0.6759,0.6816,0.6743,0.6809,9247.61,2020-01-11 18:00:00
717,1578762000000,0.6821,0.684,0.6761,0.6769,8488.94,2020-01-11 17:00:00
718,1578758400000,0.6681,0.6819,0.6681,0.679,10524.16,2020-01-11 16:00:00
719,1578754800000,0.6657,0.6705,0.6645,0.6705,2311.94,2020-01-11 15:00:00
720,1578751200000,0.6709,0.673,0.6666,0.6671,7170.71,2020-01-11 14:00:00
721,1578747600000,0.663,0.6709,0.6609,0.6695,19296.01,2020-01-11 13:00:00
722,1578744000000,0.6625,0.6641,0.661,0.661,4010.06,2020-01-11 12:00:00
723,1578740400000,0.6607,0.6655,0.6592,0.6655,11444.96,2020-01-11 11:00:00
724,1578736800000,0.6697,0.6702,0.6622,0.6628,10337.46,2020-01-11 10:00:00
725,1578733200000,0.6691,0.6729,0.6691,0.6711,6615.8,2020-01-11 09:00:00
726,1578729600000,0.6653,0.6692,0.66,0.6692,6302.66,2020-01-11 08:00:00
727,1578726000000,0.6694,0.671,0.667,0.667,14918.27,2020-01-11 07:00:00
728,1578722400000,0.6593,0.6693,0.6593,0.6693,3338.13,2020-01-11 06:00:00
729,1578718800000,0.6594,0.6605,0.6557,0.6605,7605.56,2020-01-11 05:00:00
730,1578715200000,0.6624,0.6649,0.6591,0.6591,2755.06,2020-01-11 04:00:00
731,1578711600000,0.6642,0.6642,0.6588,0.663,4217.31,2020-01-11 03:00:00
732,1578708000000,0.6637,0.6666,0.6637,0.6644,329.75,2020-01-11 02:00:00
733,1578704400000,0.6592,0.6718,0.659,0.6662,21173.55,2020-01-11 01:00:00
734,1578700800000,0.6559,0.6593,0.6514,0.659,2439.68,2020-01-11 00:00:00
735,1578697200000,0.6544,0.6584,0.6499,0.6559,28083.79,2020-01-10 23:00:00
736,1578693600000,0.6553,0.658,0.653,0.6569,2128.65,2020-01-10 22:00:00
737,1578690000000,0.6607,0.6667,0.6537,0.6551,24590.45,2020-01-10 21:00:00
738,1578686400000,0.6654,0.6654,0.6618,0.6618,2001.82,2020-01-10 20:00:00
739,1578682800000,0.6602,0.6655,0.6585,0.6645,7868.93,2020-01-10 19:00:00
740,1578679200000,0.66,0.6666,0.6575,0.6579,14932.91,2020-01-10 18:00:00
741,1578675600000,0.657,0.66,0.6526,0.66,10569.42,2020-01-10 17:00:00
742,1578672000000,0.6595,0.6605,0.6518,0.6568,20372.56,2020-01-10 16:00:00
743,1578668400000,0.6518,0.6627,0.6503,0.6585,21682.46,2020-01-10 15:00:00
744,1578664800000,0.6479,0.6551,0.6479,0.6528,5296.94,2020-01-10 14:00:00
745,1578661200000,0.6499,0.6517,0.6476,0.6491,8072.38,2020-01-10 13:00:00
746,1578657600000,0.6461,0.6505,0.6436,0.6479,1303.42,2020-01-10 12:00:00
747,1578654000000,0.6395,0.6485,0.6395,0.6441,5734.99,2020-01-10 11:00:00
748,1578650400000,0.6331,0.636,0.6297,0.636,8572.87,2020-01-10 10:00:00
749,1578646800000,0.6327,0.6394,0.631,0.6325,9518.06,2020-01-10 09:00:00
750,1578643200000,0.6314,0.6335,0.631,0.6327,3199.36,2020-01-10 08:00:00
751,1578639600000,0.6349,0.6349,0.6313,0.6333,2263.54,2020-01-10 07:00:00
752,1578636000000,0.633,0.6349,0.6318,0.6347,11788.13,2020-01-10 06:00:00
753,1578632400000,0.636,0.6361,0.6331,0.6331,876.21,2020-01-10 05:00:00
754,1578628800000,0.638,0.638,0.6361,0.6362,2558.62,2020-01-10 04:00:00
755,1578625200000,0.639,0.6396,0.6371,0.6396,542.32,2020-01-10 03:00:00
756,1578621600000,0.6387,0.6392,0.6358,0.6387,1133.03,2020-01-10 02:00:00
757,1578618000000,0.6398,0.6398,0.6369,0.6384,1983.51,2020-01-10 01:00:00
758,1578614400000,0.6405,0.643,0.6385,0.6385,1960.35,2020-01-10 00:00:00
759,1578610800000,0.6338,0.6404,0.6321,0.6373,7120.92,2020-01-09 23:00:00
760,1578607200000,0.6374,0.6374,0.6374,0.6374,316.05,2020-01-09 22:00:00
761,1578603600000,0.6351,0.636,0.632,0.636,465.43,2020-01-09 21:00:00
762,1578600000000,0.6429,0.6471,0.6308,0.634,12656.49,2020-01-09 20:00:00
763,1578596400000,0.6396,0.645,0.6363,0.6425,979.05,2020-01-09 19:00:00
764,1578592800000,0.6332,0.6383,0.633,0.6356,2300.28,2020-01-09 18:00:00
765,1578589200000,0.6382,0.6394,0.6319,0.6327,9436.54,2020-01-09 17:00:00
766,1578585600000,0.6468,0.6468,0.6364,0.6383,6017.32,2020-01-09 16:00:00
767,1578582000000,0.645,0.6475,0.645,0.6475,780.78,2020-01-09 15:00:00
768,1578578400000,0.6495,0.6496,0.6446,0.6462,1379.8,2020-01-09 14:00:00
769,1578574800000,0.6471,0.6524,0.6454,0.6464,17299.88,2020-01-09 13:00:00
770,1578571200000,0.6427,0.6465,0.6427,0.6446,152.44,2020-01-09 12:00:00
771,1578567600000,0.6468,0.6482,0.6408,0.6444,1398.04,2020-01-09 11:00:00
772,1578564000000,0.6502,0.6541,0.6481,0.6483,5742.23,2020-01-09 10:00:00
773,1578560400000,0.6496,0.653,0.6458,0.6502,3981.24,2020-01-09 09:00:00
774,1578556800000,0.6492,0.6537,0.6492,0.6533,4217.22,2020-01-09 08:00:00
775,1578553200000,0.6449,0.6471,0.6449,0.6471,255.51,2020-01-09 07:00:00
776,1578549600000,0.6441,0.6461,0.6418,0.6459,1868.49,2020-01-09 06:00:00
777,1578546000000,0.6488,0.6492,0.6443,0.6443,2388.01,2020-01-09 05:00:00
778,1578542400000,0.6441,0.6503,0.6416,0.6466,1992.46,2020-01-09 04:00:00
779,1578538800000,0.6464,0.6464,0.6403,0.6419,1548.09,2020-01-09 03:00:00
780,1578535200000,0.6526,0.6528,0.6463,0.6463,5274.89,2020-01-09 02:00:00
781,1578531600000,0.6455,0.6506,0.6455,0.6506,8630.13,2020-01-09 01:00:00
782,1578528000000,0.657,0.657,0.647,0.647,8665.67,2020-01-09 00:00:00
783,1578524400000,0.658,0.6622,0.6579,0.6603,2597.4,2020-01-08 23:00:00
784,1578520800000,0.6539,0.6551,0.6519,0.6546,1137.85,2020-01-08 22:00:00
785,1578517200000,0.6468,0.6538,0.6462,0.6538,2925.45,2020-01-08 21:00:00
786,1578513600000,0.6413,0.6482,0.6383,0.6482,4508.18,2020-01-08 20:00:00
787,1578510000000,0.6472,0.6476,0.6428,0.6428,1602.2,2020-01-08 19:00:00
788,1578506400000,0.6464,0.6482,0.6458,0.6482,353.76,2020-01-08 18:00:00
789,1578502800000,0.6459,0.6478,0.64,0.6452,6422.21,2020-01-08 17:00:00
790,1578499200000,0.6644,0.6662,0.6395,0.6459,38501.68,2020-01-08 16:00:00
791,1578495600000,0.665,0.6655,0.6611,0.6646,11646.3,2020-01-08 15:00:00
792,1578492000000,0.6722,0.6722,0.6629,0.6666,30179.7,2020-01-08 14:00:00
793,1578488400000,0.6777,0.6831,0.6709,0.6747,20796.93,2020-01-08 13:00:00
794,1578484800000,0.677,0.6806,0.6753,0.6772,5843.05,2020-01-08 12:00:00
795,1578481200000,0.6783,0.6806,0.6764,0.6771,3173.21,2020-01-08 11:00:00
796,1578477600000,0.678,0.6786,0.6754,0.6783,2252.99,2020-01-08 10:00:00
797,1578474000000,0.6769,0.6788,0.674,0.674,4140.1,2020-01-08 09:00:00
798,1578470400000,0.6693,0.6784,0.6693,0.6768,10306.52,2020-01-08 08:00:00
799,1578466800000,0.6776,0.6776,0.6687,0.6719,11510.29,2020-01-08 07:00:00
800,1578463200000,0.6777,0.6805,0.6756,0.6756,4556.91,2020-01-08 06:00:00
801,1578459600000,0.6779,0.6789,0.6772,0.6789,4137.87,2020-01-08 05:00:00
802,1578456000000,0.6726,0.6829,0.6726,0.6786,20590.49,2020-01-08 04:00:00
803,1578452400000,0.6693,0.6747,0.6675,0.6747,3509.14,2020-01-08 03:00:00
804,1578448800000,0.6736,0.6736,0.6672,0.6687,16894.01,2020-01-08 02:00:00
805,1578445200000,0.6893,0.6902,0.672,0.6736,19948.96,2020-01-08 01:00:00
806,1578441600000,0.6755,0.6926,0.6722,0.6893,26929.47,2020-01-08 00:00:00
807,1578438000000,0.6722,0.677,0.6706,0.6706,7882.9,2020-01-07 23:00:00
808,1578434400000,0.67,0.673,0.6645,0.6727,9320.33,2020-01-07 22:00:00
809,1578430800000,0.68,0.68,0.6671,0.6675,12648.88,2020-01-07 21:00:00
810,1578427200000,0.6773,0.68,0.6756,0.68,7141.22,2020-01-07 20:00:00
811,1578423600000,0.673,0.6794,0.6712,0.6763,26357.49,2020-01-07 19:00:00
812,1578420000000,0.686,0.6886,0.671,0.671,21832.33,2020-01-07 18:00:00
813,1578416400000,0.6822,0.6851,0.6787,0.6843,3272.38,2020-01-07 17:00:00
814,1578412800000,0.6682,0.6831,0.6682,0.6831,11783.79,2020-01-07 16:00:00
815,1578409200000,0.6795,0.6795,0.6661,0.6682,32259.36,2020-01-07 15:00:00
816,1578405600000,0.6803,0.6843,0.6788,0.6798,6087.07,2020-01-07 14:00:00
817,1578402000000,0.6831,0.6833,0.675,0.6803,16173.44,2020-01-07 13:00:00
818,1578398400000,0.6918,0.6918,0.6822,0.6845,7600.69,2020-01-07 12:00:00
819,1578394800000,0.6937,0.6969,0.6916,0.6932,7252.19,2020-01-07 11:00:00
820,1578391200000,0.6881,0.6939,0.6881,0.6939,4280.21,2020-01-07 10:00:00
821,1578387600000,0.692,0.6921,0.6882,0.6882,9139.56,2020-01-07 09:00:00
822,1578384000000,0.6917,0.692,0.6897,0.692,4311.7,2020-01-07 08:00:00
823,1578380400000,0.6877,0.6913,0.6866,0.6913,10757.42,2020-01-07 07:00:00
824,1578376800000,0.6844,0.6874,0.6844,0.6873,5620.63,2020-01-07 06:00:00
825,1578373200000,0.6803,0.6864,0.68,0.6864,2111.26,2020-01-07 05:00:00
826,1578369600000,0.6889,0.6892,0.6831,0.6847,6831.53,2020-01-07 04:00:00
827,1578366000000,0.6913,0.693,0.6866,0.6906,4909.62,2020-01-07 03:00:00
828,1578362400000,0.691,0.696,0.6908,0.6931,12883.31,2020-01-07 02:00:00
829,1578358800000,0.689,0.691,0.6851,0.691,4072.07,2020-01-07 01:00:00
830,1578355200000,0.6857,0.6976,0.6831,0.6852,19623.0,2020-01-07 00:00:00
831,1578351600000,0.6796,0.6864,0.6766,0.6864,14880.35,2020-01-06 23:00:00
832,1578348000000,0.6726,0.6842,0.6726,0.6783,18946.22,2020-01-06 22:00:00
833,1578344400000,0.6745,0.6745,0.6728,0.6745,11255.67,2020-01-06 21:00:00
834,1578340800000,0.6755,0.6755,0.67,0.67,2434.02,2020-01-06 20:00:00
835,1578337200000,0.6671,0.6761,0.6671,0.6758,7585.53,2020-01-06 19:00:00
836,1578333600000,0.668,0.6698,0.6662,0.6685,5671.25,2020-01-06 18:00:00
837,1578330000000,0.6653,0.6706,0.6653,0.6701,426.04,2020-01-06 17:00:00
838,1578326400000,0.6605,0.6689,0.6605,0.6653,7234.88,2020-01-06 16:00:00
839,1578322800000,0.665,0.6665,0.6613,0.6635,1396.29,2020-01-06 15:00:00
840,1578319200000,0.6612,0.6655,0.6583,0.6646,10688.0,2020-01-06 14:00:00
841,1578315600000,0.6701,0.6762,0.6604,0.6629,22839.63,2020-01-06 13:00:00
842,1578312000000,0.6602,0.6729,0.6571,0.67,13902.95,2020-01-06 12:00:00
843,1578308400000,0.6663,0.668,0.6609,0.6631,9049.28,2020-01-06 11:00:00
844,1578304800000,0.6598,0.6689,0.6576,0.6672,18494.25,2020-01-06 10:00:00
845,1578301200000,0.6533,0.6642,0.6519,0.6624,20710.19,2020-01-06 09:00:00
846,1578297600000,0.6504,0.6558,0.6493,0.6558,2676.69,2020-01-06 08:00:00
847,1578294000000,0.6505,0.6519,0.6491,0.6515,2568.93,2020-01-06 07:00:00
848,1578290400000,0.6494,0.6518,0.6491,0.6518,1102.99,2020-01-06 06:00:00
849,1578286800000,0.6553,0.6576,0.6479,0.6486,13847.87,2020-01-06 05:00:00
850,1578283200000,0.6541,0.6555,0.652,0.6555,13763.31,2020-01-06 04:00:00
851,1578279600000,0.6488,0.6541,0.6444,0.6522,12175.83,2020-01-06 03:00:00
852,1578276000000,0.6382,0.6523,0.6382,0.6488,22577.33,2020-01-06 02:00:00
853,1578272400000,0.6344,0.6381,0.6325,0.6381,2560.33,2020-01-06 01:00:00
854,1578268800000,0.6349,0.6366,0.6331,0.6366,1632.23,2020-01-06 00:00:00
855,1578265200000,0.6365,0.6367,0.6318,0.6367,5937.27,2020-01-05 23:00:00
856,1578261600000,0.6383,0.639,0.6364,0.637,2330.9,2020-01-05 22:00:00
857,1578258000000,0.6429,0.643,0.6379,0.6379,4081.9,2020-01-05 21:00:00
858,1578254400000,0.643,0.645,0.6426,0.6448,820.28,2020-01-05 20:00:00
859,1578250800000,0.6439,0.6445,0.6439,0.6445,204.19,2020-01-05 19:00:00
860,1578247200000,0.646,0.648,0.6424,0.6442,2572.37,2020-01-05 18:00:00
861,1578243600000,0.645,0.648,0.6437,0.6463,2749.97,2020-01-05 17:00:00
862,1578240000000,0.6477,0.65,0.6446,0.645,9514.72,2020-01-05 16:00:00
863,1578236400000,0.629,0.6498,0.629,0.6473,32485.84,2020-01-05 15:00:00
864,1578232800000,0.6305,0.6305,0.6304,0.6304,21.44,2020-01-05 14:00:00
865,1578229200000,0.6291,0.6308,0.6291,0.6301,368.55,2020-01-05 13:00:00
866,1578225600000,0.6309,0.6312,0.6309,0.631,75.77,2020-01-05 12:00:00
867,1578222000000,0.631,0.6322,0.6309,0.6309,519.1,2020-01-05 11:00:00
868,1578218400000,0.6308,0.6316,0.6288,0.6292,898.19,2020-01-05 10:00:00
869,1578214800000,0.629,0.6306,0.6283,0.6287,611.16,2020-01-05 09:00:00
870,1578211200000,0.6312,0.6312,0.6289,0.6289,1105.0,2020-01-05 08:00:00
871,1578207600000,0.631,0.631,0.631,0.631,3966.6,2020-01-05 07:00:00
872,1578204000000,0.629,0.6311,0.629,0.629,2226.1,2020-01-05 06:00:00
873,1578200400000,0.6308,0.6308,0.6288,0.629,4859.66,2020-01-05 05:00:00
874,1578196800000,0.631,0.6325,0.6296,0.6308,6751.07,2020-01-05 04:00:00
875,1578193200000,0.6304,0.631,0.6288,0.631,4003.24,2020-01-05 03:00:00
876,1578189600000,0.631,0.631,0.6285,0.6294,2091.57,2020-01-05 02:00:00
877,1578186000000,0.6305,0.6331,0.6278,0.6302,9296.13,2020-01-05 01:00:00
878,1578182400000,0.6282,0.6301,0.6282,0.6301,1284.36,2020-01-05 00:00:00
879,1578178800000,0.6267,0.6267,0.624,0.6246,3282.78,2020-01-04 23:00:00
880,1578175200000,0.6255,0.6258,0.6255,0.6258,665.0,2020-01-04 22:00:00
881,1578171600000,0.6256,0.6266,0.6256,0.626,616.14,2020-01-04 21:00:00
882,1578168000000,0.6251,0.6258,0.6245,0.6257,326.23,2020-01-04 20:00:00
883,1578164400000,0.6198,0.6243,0.6172,0.6243,2141.63,2020-01-04 19:00:00
884,1578160800000,0.6235,0.6262,0.6169,0.619,21656.42,2020-01-04 18:00:00
885,1578157200000,0.6191,0.6226,0.618,0.6226,1944.41,2020-01-04 17:00:00
886,1578153600000,0.619,0.6203,0.6179,0.6191,934.97,2020-01-04 16:00:00
887,1578150000000,0.6207,0.6207,0.6202,0.6204,1082.41,2020-01-04 15:00:00
888,1578146400000,0.6202,0.6207,0.6178,0.6207,290.61,2020-01-04 14:00:00
889,1578142800000,0.6177,0.6196,0.617,0.6193,4387.64,2020-01-04 13:00:00
890,1578139200000,0.6201,0.6201,0.6177,0.6177,3491.96,2020-01-04 12:00:00
891,1578135600000,0.6186,0.6194,0.6176,0.6193,926.38,2020-01-04 11:00:00
892,1578132000000,0.6225,0.6241,0.618,0.618,2963.58,2020-01-04 10:00:00
893,1578128400000,0.6252,0.6252,0.6252,0.6252,0.0,2020-01-04 09:00:00
894,1578124800000,0.6233,0.6252,0.623,0.6252,1876.23,2020-01-04 08:00:00
895,1578121200000,0.625,0.6283,0.6231,0.6231,2164.75,2020-01-04 07:00:00
896,1578117600000,0.6286,0.6286,0.627,0.627,1078.49,2020-01-04 06:00:00
897,1578114000000,0.6239,0.6239,0.6239,0.6239,0.0,2020-01-04 05:00:00
898,1578110400000,0.6238,0.6263,0.6234,0.6239,1279.05,2020-01-04 04:00:00
899,1578106800000,0.6248,0.6264,0.6248,0.6264,2084.56,2020-01-04 03:00:00
900,1578103200000,0.6249,0.6249,0.6249,0.6249,5.27,2020-01-04 02:00:00
901,1578099600000,0.6228,0.6228,0.6228,0.6228,193.67,2020-01-04 01:00:00
902,1578096000000,0.627,0.65,0.6228,0.6228,30331.98,2020-01-04 00:00:00
903,1578092400000,0.6239,0.6267,0.6228,0.6248,2263.11,2020-01-03 23:00:00
904,1578088800000,0.6222,0.6246,0.6219,0.6246,604.21,2020-01-03 22:00:00
905,1578085200000,0.6234,0.626,0.6234,0.626,366.62,2020-01-03 21:00:00
906,1578081600000,0.6254,0.6254,0.6234,0.6234,914.48,2020-01-03 20:00:00
907,1578078000000,0.6224,0.6252,0.6216,0.6252,1778.85,2020-01-03 19:00:00
908,1578074400000,0.6223,0.6254,0.6223,0.6254,78.13,2020-01-03 18:00:00
909,1578070800000,0.6219,0.6261,0.6209,0.6233,18619.78,2020-01-03 17:00:00
910,1578067200000,0.6175,0.6248,0.6155,0.619,11170.69,2020-01-03 16:00:00
911,1578063600000,0.613,0.6134,0.613,0.6132,286.31,2020-01-03 15:00:00
912,1578060000000,0.6225,0.6225,0.6111,0.6128,3168.99,2020-01-03 14:00:00
913,1578056400000,0.6224,0.625,0.6201,0.625,1130.73,2020-01-03 13:00:00
914,1578052800000,0.6199,0.6235,0.6199,0.6208,10275.17,2020-01-03 12:00:00
915,1578049200000,0.6174,0.6186,0.6174,0.6175,1426.85,2020-01-03 11:00:00
916,1578045600000,0.6167,0.6181,0.614,0.614,3260.4,2020-01-03 10:00:00
917,1578042000000,0.6099,0.619,0.6099,0.6182,4545.69,2020-01-03 09:00:00
918,1578038400000,0.6059,0.6199,0.6044,0.6111,13994.52,2020-01-03 08:00:00
919,1578034800000,0.6054,0.6054,0.605,0.6052,766.17,2020-01-03 07:00:00
920,1578031200000,0.6074,0.6076,0.6048,0.6056,4958.82,2020-01-03 06:00:00
921,1578027600000,0.6072,0.6095,0.6027,0.606,10086.68,2020-01-03 05:00:00
922,1578024000000,0.5898,0.6126,0.5898,0.6046,21982.1,2020-01-03 04:00:00
923,1578020400000,0.5897,0.5897,0.5897,0.5897,1363.13,2020-01-03 03:00:00
924,1578016800000,0.5842,0.5909,0.5837,0.5907,22385.64,2020-01-03 02:00:00
925,1578013200000,0.59,0.5903,0.5842,0.5842,4708.59,2020-01-03 01:00:00
926,1578009600000,0.5932,0.5932,0.59,0.59,3253.55,2020-01-03 00:00:00
927,1578006000000,0.5948,0.595,0.5948,0.595,599.03,2020-01-02 23:00:00
928,1578002400000,0.5949,0.5949,0.5933,0.5945,471.5,2020-01-02 22:00:00
929,1577998800000,0.5911,0.5912,0.5911,0.5912,247.77,2020-01-02 21:00:00
930,1577995200000,0.5917,0.5933,0.588,0.5914,5491.71,2020-01-02 20:00:00
931,1577991600000,0.589,0.5936,0.5888,0.5933,2186.15,2020-01-02 19:00:00
932,1577988000000,0.5868,0.589,0.5868,0.5881,1761.66,2020-01-02 18:00:00
933,1577984400000,0.599,0.5991,0.5851,0.5906,18439.99,2020-01-02 17:00:00
934,1577980800000,0.6076,0.6076,0.5983,0.5998,20981.0,2020-01-02 16:00:00
935,1577977200000,0.6117,0.6117,0.6098,0.6098,56.55,2020-01-02 15:00:00
936,1577973600000,0.61,0.6114,0.6098,0.611,3890.42,2020-01-02 14:00:00
937,1577970000000,0.6139,0.6139,0.6071,0.61,10119.07,2020-01-02 13:00:00
938,1577966400000,0.6173,0.6173,0.6136,0.6136,427.87,2020-01-02 12:00:00
939,1577962800000,0.6175,0.6176,0.6155,0.6172,1425.8,2020-01-02 11:00:00
940,1577959200000,0.6174,0.6174,0.6174,0.6174,4.67,2020-01-02 10:00:00
941,1577955600000,0.6153,0.6175,0.6148,0.6167,5186.9,2020-01-02 09:00:00
942,1577952000000,0.6124,0.6151,0.6124,0.6151,2881.57,2020-01-02 08:00:00
943,1577948400000,0.6144,0.6144,0.61,0.6124,1875.78,2020-01-02 07:00:00
944,1577944800000,0.6165,0.6165,0.6113,0.6128,3110.67,2020-01-02 06:00:00
945,1577941200000,0.6126,0.6177,0.6126,0.6177,1584.72,2020-01-02 05:00:00
946,1577937600000,0.61,0.6136,0.61,0.6115,2916.57,2020-01-02 04:00:00
947,1577934000000,0.6103,0.6122,0.61,0.6108,41620.7,2020-01-02 03:00:00
948,1577930400000,0.6153,0.6167,0.611,0.6133,36290.32,2020-01-02 02:00:00
949,1577926800000,0.623,0.6252,0.6171,0.6171,22896.0,2020-01-02 01:00:00
950,1577923200000,0.6219,0.623,0.6209,0.623,4137.28,2020-01-02 00:00:00
951,1577919600000,0.6168,0.6214,0.615,0.6214,2384.14,2020-01-01 23:00:00
952,1577916000000,0.6205,0.6212,0.6167,0.6171,1266.48,2020-01-01 22:00:00
953,1577912400000,0.6226,0.6226,0.6226,0.6226,0.0,2020-01-01 21:00:00
954,1577908800000,0.6226,0.6226,0.6226,0.6226,17.66,2020-01-01 20:00:00
955,1577905200000,0.6197,0.622,0.6189,0.62,333.38,2020-01-01 19:00:00
956,1577901600000,0.6169,0.6174,0.6167,0.6174,474.56,2020-01-01 18:00:00
957,1577898000000,0.6139,0.6162,0.6138,0.6158,4069.89,2020-01-01 17:00:00
958,1577894400000,0.6142,0.6159,0.6119,0.6139,753.44,2020-01-01 16:00:00
959,1577890800000,0.6113,0.6142,0.6113,0.6133,1344.34,2020-01-01 15:00:00
960,1577887200000,0.6129,0.6147,0.612,0.6123,4231.23,2020-01-01 14:00:00
961,1577883600000,0.6132,0.6132,0.6126,0.6126,3516.12,2020-01-01 13:00:00
962,1577880000000,0.6107,0.6144,0.6107,0.6144,817.62,2020-01-01 12:00:00
963,1577876400000,0.6089,0.6136,0.6089,0.6102,5073.09,2020-01-01 11:00:00
964,1577872800000,0.6069,0.609,0.6067,0.6067,1334.55,2020-01-01 10:00:00
965,1577869200000,0.6063,0.6079,0.6063,0.6074,168.24,2020-01-01 09:00:00
966,1577865600000,0.6078,0.6078,0.6056,0.6076,2263.85,2020-01-01 08:00:00
967,1577862000000,0.6077,0.6078,0.6077,0.6078,200.0,2020-01-01 07:00:00
968,1577858400000,0.6084,0.6094,0.6078,0.6094,551.15,2020-01-01 06:00:00
969,1577854800000,0.6068,0.6084,0.6063,0.6077,2377.13,2020-01-01 05:00:00
970,1577851200000,0.6066,0.6083,0.6061,0.6065,5549.35,2020-01-01 04:00:00
971,1577847600000,0.6096,0.6096,0.6067,0.6087,1118.95,2020-01-01 03:00:00
972,1577844000000,0.6101,0.6122,0.6084,0.6122,435.55,2020-01-01 02:00:00
973,1577840400000,0.6079,0.6118,0.6072,0.6097,3832.27,2020-01-01 01:00:00
974,1577836800000,0.6048,0.6079,0.604,0.6079,4837.6,2020-01-01 00:00:00
975,1577833200000,0.61,0.61,0.6058,0.6058,5763.47,2019-12-31 23:00:00
976,1577829600000,0.609,0.6119,0.609,0.6096,1602.01,2019-12-31 22:00:00
977,1577826000000,0.606,0.611,0.606,0.609,6347.31,2019-12-31 21:00:00
978,1577822400000,0.606,0.6061,0.6046,0.6061,3726.27,2019-12-31 20:00:00
979,1577818800000,0.6062,0.6082,0.606,0.606,1054.87,2019-12-31 19:00:00
980,1577815200000,0.6039,0.6074,0.6039,0.6061,1111.24,2019-12-31 18:00:00
981,1577811600000,0.6083,0.6088,0.604,0.6043,5486.21,2019-12-31 17:00:00
982,1577808000000,0.6101,0.614,0.6061,0.6086,33446.87,2019-12-31 16:00:00
983,1577804400000,0.6145,0.6148,0.6073,0.6101,13264.92,2019-12-31 15:00:00
984,1577800800000,0.6184,0.6263,0.6169,0.6192,5648.97,2019-12-31 14:00:00
985,1577797200000,0.6181,0.6206,0.6166,0.6175,1343.03,2019-12-31 13:00:00
986,1577793600000,0.6192,0.6192,0.6181,0.6181,899.87,2019-12-31 12:00:00
987,1577790000000,0.6192,0.6198,0.6192,0.6198,483.42,2019-12-31 11:00:00
988,1577786400000,0.6167,0.62,0.6148,0.6192,1614.94,2019-12-31 10:00:00
989,1577782800000,0.6184,0.619,0.6158,0.6161,4021.53,2019-12-31 09:00:00
990,1577779200000,0.6191,0.6202,0.6184,0.6184,5937.91,2019-12-31 08:00:00
991,1577775600000,0.6195,0.6198,0.6191,0.6198,1907.91,2019-12-31 07:00:00
992,1577772000000,0.621,0.6225,0.621,0.6224,277.15,2019-12-31 06:00:00
993,1577768400000,0.618,0.6198,0.618,0.6192,671.44,2019-12-31 05:00:00
994,1577764800000,0.619,0.619,0.6177,0.6177,197.47,2019-12-31 04:00:00
995,1577761200000,0.6153,0.6186,0.6135,0.6135,11586.28,2019-12-31 03:00:00
996,1577757600000,0.616,0.6161,0.6116,0.6154,3676.26,2019-12-31 02:00:00
997,1577754000000,0.6172,0.6172,0.6136,0.615,1813.35,2019-12-31 01:00:00
998,1577750400000,0.6133,0.6156,0.6113,0.613,3206.79,2019-12-31 00:00:00
999,1577746800000,0.6197,0.6197,0.6151,0.6151,5290.46,2019-12-30 23:00:00
1000,1577743200000,0.6192,0.6232,0.6192,0.6219,13713.77,2019-12-30 22:00:00
1001,1577739600000,0.6171,0.6193,0.6171,0.619,3563.5,2019-12-30 21:00:00
1002,1577736000000,0.6222,0.623,0.6168,0.618,7255.67,2019-12-30 20:00:00
1003,1577732400000,0.6185,0.6214,0.6185,0.6214,499.89,2019-12-30 19:00:00
1004,1577728800000,0.6195,0.6216,0.619,0.6212,1782.37,2019-12-30 18:00:00
1005,1577725200000,0.6204,0.6204,0.6197,0.6197,728.97,2019-12-30 17:00:00
1006,1577721600000,0.6216,0.6229,0.62,0.6204,5174.7,2019-12-30 16:00:00
1007,1577718000000,0.6329,0.6342,0.6216,0.6216,7367.47,2019-12-30 15:00:00
1008,1577714400000,0.6325,0.6374,0.6325,0.6329,2785.93,2019-12-30 14:00:00
1009,1577710800000,0.6298,0.634,0.6281,0.634,4044.01,2019-12-30 13:00:00
1010,1577707200000,0.6278,0.6366,0.6278,0.6351,6482.62,2019-12-30 12:00:00
1011,1577703600000,0.6309,0.6309,0.6288,0.6303,1037.06,2019-12-30 11:00:00
1012,1577700000000,0.6323,0.6345,0.629,0.6309,5494.54,2019-12-30 10:00:00
1013,1577696400000,0.6373,0.6391,0.6308,0.632,8251.11,2019-12-30 09:00:00
1014,1577692800000,0.6393,0.6393,0.6342,0.6366,2292.37,2019-12-30 08:00:00
1015,1577689200000,0.6372,0.64,0.6372,0.6386,2770.41,2019-12-30 07:00:00
1016,1577685600000,0.6368,0.637,0.6352,0.637,2699.54,2019-12-30 06:00:00
1017,1577682000000,0.6375,0.6378,0.6367,0.6368,3928.33,2019-12-30 05:00:00
1018,1577678400000,0.6383,0.6383,0.6343,0.6373,6309.83,2019-12-30 04:00:00
1019,1577674800000,0.6367,0.6371,0.6316,0.6348,3366.84,2019-12-30 03:00:00
1020,1577671200000,0.6333,0.6379,0.6333,0.6367,18889.22,2019-12-30 02:00:00
1021,1577667600000,0.6335,0.6335,0.6322,0.6322,369.57,2019-12-30 01:00:00
1022,1577664000000,0.635,0.635,0.6289,0.6297,4411.27,2019-12-30 00:00:00
1023,1577660400000,0.6373,0.6378,0.6353,0.6373,943.26,2019-12-29 23:00:00
1024,1577656800000,0.6344,0.6365,0.6339,0.635,2468.18,2019-12-29 22:00:00
1025,1577653200000,0.6341,0.6345,0.6311,0.6345,7546.44,2019-12-29 21:00:00
1026,1577649600000,0.6423,0.6506,0.6318,0.6345,12955.19,2019-12-29 20:00:00
1027,1577646000000,0.6395,0.6436,0.6383,0.64,999.48,2019-12-29 19:00:00
1028,1577642400000,0.6404,0.643,0.6372,0.6372,6820.5,2019-12-29 18:00:00
1029,1577638800000,0.6392,0.6395,0.6335,0.6395,9373.38,2019-12-29 17:00:00
1030,1577635200000,0.6306,0.6444,0.6306,0.6394,35524.32,2019-12-29 16:00:00
1031,1577631600000,0.6271,0.6319,0.6242,0.6294,29301.96,2019-12-29 15:00:00
1032,1577628000000,0.6291,0.6309,0.6272,0.6291,8672.88,2019-12-29 14:00:00
1033,1577624400000,0.6317,0.6334,0.6259,0.6298,57317.15,2019-12-29 13:00:00
1034,1577620800000,0.6235,0.6319,0.623,0.6309,40760.37,2019-12-29 12:00:00
1035,1577617200000,0.6212,0.6236,0.621,0.6235,8471.48,2019-12-29 11:00:00
1036,1577613600000,0.62,0.62,0.6185,0.62,716.85,2019-12-29 10:00:00
1037,1577610000000,0.6225,0.6225,0.6182,0.6202,4375.48,2019-12-29 09:00:00
1038,1577606400000,0.6187,0.6217,0.618,0.6217,6320.19,2019-12-29 08:00:00
1039,1577602800000,0.6188,0.6208,0.6174,0.6187,4704.83,2019-12-29 07:00:00
1040,1577599200000,0.6184,0.6187,0.6179,0.6179,1208.04,2019-12-29 06:00:00
1041,1577595600000,0.6202,0.6204,0.6133,0.6176,10485.27,2019-12-29 05:00:00
1042,1577592000000,0.6212,0.6212,0.6202,0.6202,1318.11,2019-12-29 04:00:00
1043,1577588400000,0.6221,0.6221,0.6212,0.6212,649.76,2019-12-29 03:00:00
1044,1577584800000,0.6194,0.6225,0.6189,0.6207,4570.19,2019-12-29 02:00:00
1045,1577581200000,0.6219,0.6219,0.6192,0.6208,2894.63,2019-12-29 01:00:00
1046,1577577600000,0.6236,0.6236,0.6199,0.6219,7344.58,2019-12-29 00:00:00
1047,1577574000000,0.6257,0.6257,0.6235,0.6235,1411.09,2019-12-28 23:00:00
1048,1577570400000,0.625,0.6258,0.6248,0.6254,2750.3,2019-12-28 22:00:00
1049,1577566800000,0.6264,0.6272,0.6255,0.6267,4088.14,2019-12-28 21:00:00
1050,1577563200000,0.6264,0.6282,0.6264,0.6282,596.91,2019-12-28 20:00:00
1051,1577559600000,0.6265,0.6294,0.6265,0.6285,579.47,2019-12-28 19:00:00
1052,1577556000000,0.6292,0.6302,0.6266,0.6266,3471.86,2019-12-28 18:00:00
1053,1577552400000,0.6252,0.6289,0.625,0.6273,2358.19,2019-12-28 17:00:00
1054,1577548800000,0.6249,0.6275,0.6244,0.6275,2012.86,2019-12-28 16:00:00
1055,1577545200000,0.627,0.6279,0.6238,0.6238,3995.92,2019-12-28 15:00:00
1056,1577541600000,0.6252,0.627,0.6252,0.627,2339.67,2019-12-28 14:00:00
1057,1577538000000,0.6278,0.6278,0.6252,0.6252,3779.44,2019-12-28 13:00:00
1058,1577534400000,0.6213,0.6279,0.6213,0.6279,11978.59,2019-12-28 12:00:00
1059,1577530800000,0.62,0.6213,0.6199,0.6211,3448.19,2019-12-28 11:00:00
1060,1577527200000,0.6212,0.6243,0.6203,0.6243,3056.52,2019-12-28 10:00:00
1061,1577523600000,0.6222,0.6233,0.6222,0.6225,1036.52,2019-12-28 09:00:00
1062,1577520000000,0.6239,0.6239,0.6205,0.6211,2474.04,2019-12-28 08:00:00
1063,1577516400000,0.6253,0.6253,0.625,0.625,484.91,2019-12-28 07:00:00
1064,1577512800000,0.625,0.6313,0.6243,0.6248,9377.31,2019-12-28 06:00:00
1065,1577509200000,0.6264,0.6284,0.6255,0.6271,6283.94,2019-12-28 05:00:00
1066,1577505600000,0.6265,0.6273,0.6255,0.6264,2071.86,2019-12-28 04:00:00
1067,1577502000000,0.6265,0.6265,0.6265,0.6265,26.7,2019-12-28 03:00:00
1068,1577498400000,0.6288,0.6292,0.6263,0.6278,4036.17,2019-12-28 02:00:00
1069,1577494800000,0.6278,0.6305,0.6276,0.6303,2517.21,2019-12-28 01:00:00
1070,1577491200000,0.6257,0.6302,0.6251,0.6286,20095.68,2019-12-28 00:00:00
1071,1577487600000,0.6239,0.6265,0.6234,0.6251,9891.99,2019-12-27 23:00:00
1072,1577484000000,0.6217,0.624,0.6217,0.6239,4113.61,2019-12-27 22:00:00
1073,1577480400000,0.6183,0.6217,0.6182,0.6217,4928.06,2019-12-27 21:00:00
1074,1577476800000,0.6176,0.6199,0.6163,0.6199,5749.27,2019-12-27 20:00:00
1075,1577473200000,0.6177,0.6188,0.6166,0.6166,1796.38,2019-12-27 19:00:00
1076,1577469600000,0.6149,0.618,0.6149,0.6165,5716.3,2019-12-27 18:00:00
1077,1577466000000,0.6143,0.6163,0.6142,0.6149,6668.51,2019-12-27 17:00:00
1078,1577462400000,0.6186,0.6237,0.6123,0.615,11939.1,2019-12-27 16:00:00
1079,1577458800000,0.6147,0.6209,0.6147,0.6189,13709.18,2019-12-27 15:00:00
1080,1577455200000,0.6123,0.6147,0.6123,0.6138,2915.45,2019-12-27 14:00:00
1081,1577451600000,0.6184,0.6184,0.6134,0.6141,769.38,2019-12-27 13:00:00
1082,1577448000000,0.6079,0.6174,0.6042,0.6174,7841.24,2019-12-27 12:00:00
1083,1577444400000,0.618,0.618,0.6013,0.6064,12015.92,2019-12-27 11:00:00
1084,1577440800000,0.6159,0.6186,0.613,0.6186,3089.97,2019-12-27 10:00:00
1085,1577437200000,0.6189,0.6189,0.6189,0.6189,11.01,2019-12-27 09:00:00
1086,1577433600000,0.6177,0.6201,0.6177,0.6199,1638.73,2019-12-27 08:00:00
1087,1577430000000,0.6213,0.6213,0.6185,0.6185,354.59,2019-12-27 07:00:00
1088,1577426400000,0.6215,0.6215,0.6209,0.6213,502.83,2019-12-27 06:00:00
1089,1577422800000,0.6207,0.6223,0.6207,0.6223,561.85,2019-12-27 05:00:00
1090,1577419200000,0.6246,0.6246,0.6212,0.6229,1833.63,2019-12-27 04:00:00
1091,1577415600000,0.623,0.6253,0.622,0.6246,1486.92,2019-12-27 03:00:00
1092,1577412000000,0.6172,0.623,0.6172,0.6218,24280.51,2019-12-27 02:00:00
1093,1577408400000,0.6171,0.6171,0.6157,0.6158,432.97,2019-12-27 01:00:00
1094,1577404800000,0.6121,0.6152,0.6121,0.6152,822.62,2019-12-27 00:00:00
1095,1577401200000,0.6128,0.6128,0.6128,0.6128,24.14,2019-12-26 23:00:00
1096,1577397600000,0.6067,0.6119,0.604,0.6119,32436.24,2019-12-26 22:00:00
1097,1577394000000,0.6075,0.6086,0.6067,0.6069,6216.29,2019-12-26 21:00:00
1098,1577390400000,0.6113,0.6119,0.6091,0.6113,1117.57,2019-12-26 20:00:00
1099,1577386800000,0.6217,0.6304,0.6105,0.6153,13935.26,2019-12-26 19:00:00
1100,1577383200000,0.6263,0.6282,0.6199,0.6217,3955.89,2019-12-26 18:00:00
1101,1577379600000,0.6294,0.6322,0.6252,0.6265,11701.34,2019-12-26 17:00:00
1102,1577376000000,0.6072,0.6286,0.6049,0.6277,24416.52,2019-12-26 16:00:00
1103,1577372400000,0.6049,0.6084,0.6048,0.6079,828.87,2019-12-26 15:00:00
1104,1577368800000,0.6023,0.6053,0.6023,0.6044,1498.56,2019-12-26 14:00:00
1105,1577365200000,0.6025,0.6039,0.6023,0.6023,1620.5,2019-12-26 13:00:00
1106,1577361600000,0.6032,0.6033,0.6032,0.6033,1253.2,2019-12-26 12:00:00
1107,1577358000000,0.6027,0.603,0.601,0.6027,3751.72,2019-12-26 11:00:00
1108,1577354400000,0.604,0.6041,0.6013,0.6041,4428.09,2019-12-26 10:00:00
1109,1577350800000,0.602,0.6049,0.602,0.604,369.3,2019-12-26 09:00:00
1110,1577347200000,0.6028,0.6069,0.6011,0.6016,8735.83,2019-12-26 08:00:00
1111,1577343600000,0.6101,0.6101,0.6006,0.6027,12795.9,2019-12-26 07:00:00
1112,1577340000000,0.6088,0.6098,0.6088,0.6098,4269.54,2019-12-26 06:00:00
1113,1577336400000,0.6059,0.6088,0.6058,0.6088,1651.74,2019-12-26 05:00:00
1114,1577332800000,0.6055,0.606,0.6055,0.606,2041.12,2019-12-26 04:00:00
1115,1577329200000,0.6062,0.607,0.6023,0.6048,8898.55,2019-12-26 03:00:00
1116,1577325600000,0.6074,0.6088,0.6062,0.6088,529.28,2019-12-26 02:00:00
1117,1577322000000,0.6062,0.6091,0.6062,0.6091,1021.37,2019-12-26 01:00:00
1118,1577318400000,0.6079,0.6079,0.6079,0.6079,0.0,2019-12-26 00:00:00
1119,1577314800000,0.6093,0.6104,0.6066,0.6079,2607.92,2019-12-25 23:00:00
1120,1577311200000,0.6107,0.6108,0.6107,0.6108,907.61,2019-12-25 22:00:00
1121,1577307600000,0.6115,0.6115,0.6115,0.6115,34.34,2019-12-25 21:00:00
1122,1577304000000,0.6148,0.6159,0.6112,0.6115,4861.9,2019-12-25 20:00:00
1123,1577300400000,0.611,0.611,0.611,0.611,5.95,2019-12-25 19:00:00
1124,1577296800000,0.6088,0.6088,0.6088,0.6088,4.88,2019-12-25 18:00:00
1125,1577293200000,0.6062,0.609,0.6053,0.6086,2763.15,2019-12-25 17:00:00
1126,1577289600000,0.6089,0.6091,0.604,0.604,2772.87,2019-12-25 16:00:00
1127,1577286000000,0.6089,0.6102,0.6079,0.6089,3133.22,2019-12-25 15:00:00
1128,1577282400000,0.6096,0.6111,0.609,0.6092,1465.04,2019-12-25 14:00:00
1129,1577278800000,0.6128,0.6128,0.6098,0.6098,1940.6,2019-12-25 13:00:00
1130,1577275200000,0.6136,0.6146,0.6071,0.6141,3274.21,2019-12-25 12:00:00
1131,1577271600000,0.6131,0.6145,0.6115,0.6129,3345.2,2019-12-25 11:00:00
1132,1577268000000,0.6151,0.6155,0.6104,0.6141,2713.0,2019-12-25 10:00:00
1133,1577264400000,0.617,0.617,0.6149,0.6169,3195.76,2019-12-25 09:00:00
1134,1577260800000,0.6193,0.6193,0.6187,0.6187,22.27,2019-12-25 08:00:00
1135,1577257200000,0.615,0.6198,0.615,0.6194,2198.91,2019-12-25 07:00:00
1136,1577253600000,0.617,0.6176,0.6154,0.6154,430.83,2019-12-25 06:00:00
1137,1577250000000,0.617,0.617,0.617,0.617,0.0,2019-12-25 05:00:00
1138,1577246400000,0.617,0.617,0.617,0.617,4.95,2019-12-25 04:00:00
1139,1577242800000,0.6148,0.6173,0.6142,0.6173,3470.22,2019-12-25 03:00:00
1140,1577239200000,0.6139,0.6146,0.613,0.6146,2117.8,2019-12-25 02:00:00
1141,1577235600000,0.6175,0.6175,0.6133,0.6157,2261.02,2019-12-25 01:00:00
1142,1577232000000,0.6223,0.6223,0.6188,0.6188,752.51,2019-12-25 00:00:00
1143,1577228400000,0.6222,0.6222,0.6203,0.6203,1376.57,2019-12-24 23:00:00
1144,1577224800000,0.6213,0.6222,0.6198,0.6198,991.98,2019-12-24 22:00:00
1145,1577221200000,0.6211,0.6221,0.6209,0.6221,127.71,2019-12-24 21:00:00
1146,1577217600000,0.6222,0.6222,0.62,0.62,51.5,2019-12-24 20:00:00
1147,1577214000000,0.6172,0.6217,0.6152,0.6217,4319.92,2019-12-24 19:00:00
1148,1577210400000,0.6156,0.6181,0.6145,0.6145,4415.8,2019-12-24 18:00:00
1149,1577206800000,0.6209,0.6228,0.6169,0.6184,5261.81,2019-12-24 17:00:00
1150,1577203200000,0.619,0.6233,0.6151,0.6233,5466.13,2019-12-24 16:00:00
1151,1577199600000,0.6221,0.6221,0.617,0.6197,3969.74,2019-12-24 15:00:00
1152,1577196000000,0.6271,0.6318,0.6245,0.6252,5432.66,2019-12-24 14:00:00
1153,1577192400000,0.6251,0.629,0.6251,0.629,887.23,2019-12-24 13:00:00
1154,1577188800000,0.6238,0.6238,0.6231,0.6231,782.56,2019-12-24 12:00:00
1155,1577185200000,0.625,0.6266,0.6236,0.6266,1280.39,2019-12-24 11:00:00
1156,1577181600000,0.6253,0.6275,0.6226,0.6273,785.87,2019-12-24 10:00:00
1157,1577178000000,0.6246,0.6255,0.6214,0.6255,947.03,2019-12-24 09:00:00
1158,1577174400000,0.6214,0.6252,0.614,0.6244,53949.15,2019-12-24 08:00:00
1159,1577170800000,0.6291,0.6296,0.6208,0.6232,7980.47,2019-12-24 07:00:00
1160,1577167200000,0.6305,0.6305,0.6299,0.6299,558.2,2019-12-24 06:00:00
1161,1577163600000,0.63,0.6302,0.6283,0.6283,655.86,2019-12-24 05:00:00
1162,1577160000000,0.628,0.6301,0.628,0.63,2786.87,2019-12-24 04:00:00
1163,1577156400000,0.6291,0.6297,0.6269,0.6292,1063.78,2019-12-24 03:00:00
1164,1577152800000,0.6281,0.6294,0.6281,0.6292,1129.58,2019-12-24 02:00:00
1165,1577149200000,0.6265,0.6295,0.6261,0.6261,857.94,2019-12-24 01:00:00
1166,1577145600000,0.6284,0.6284,0.6259,0.6265,2262.18,2019-12-24 00:00:00
1167,1577142000000,0.6299,0.6305,0.627,0.6305,826.91,2019-12-23 23:00:00
1168,1577138400000,0.6246,0.6283,0.6238,0.6271,6997.6,2019-12-23 22:00:00
1169,1577134800000,0.63,0.63,0.6237,0.6255,5833.67,2019-12-23 21:00:00
1170,1577131200000,0.6303,0.6303,0.6292,0.63,2830.76,2019-12-23 20:00:00
1171,1577127600000,0.63,0.632,0.63,0.631,515.28,2019-12-23 19:00:00
1172,1577124000000,0.6234,0.6322,0.6234,0.63,5950.06,2019-12-23 18:00:00
1173,1577120400000,0.6436,0.6436,0.6244,0.6274,13543.35,2019-12-23 17:00:00
1174,1577116800000,0.6559,0.6567,0.6421,0.643,6423.31,2019-12-23 16:00:00
1175,1577113200000,0.6508,0.6519,0.649,0.6519,5333.07,2019-12-23 15:00:00
1176,1577109600000,0.6443,0.6453,0.6423,0.645,11203.09,2019-12-23 14:00:00
1177,1577106000000,0.6469,0.6512,0.6469,0.6479,3362.51,2019-12-23 13:00:00
1178,1577102400000,0.6478,0.6483,0.6463,0.6483,3908.64,2019-12-23 12:00:00
1179,1577098800000,0.6498,0.6514,0.6476,0.6476,4414.89,2019-12-23 11:00:00
1180,1577095200000,0.6488,0.654,0.6488,0.6507,2151.1,2019-12-23 10:00:00
1181,1577091600000,0.6452,0.6495,0.645,0.6482,10791.61,2019-12-23 09:00:00
1182,1577088000000,0.6468,0.6479,0.646,0.6465,2094.75,2019-12-23 08:00:00
1183,1577084400000,0.6464,0.647,0.6448,0.647,1598.05,2019-12-23 07:00:00
1184,1577080800000,0.6519,0.6521,0.6473,0.6473,2671.82,2019-12-23 06:00:00
1185,1577077200000,0.6573,0.6596,0.6571,0.6574,3023.64,2019-12-23 05:00:00
1186,1577073600000,0.6632,0.6632,0.6582,0.6612,1898.52,2019-12-23 04:00:00
1187,1577070000000,0.6616,0.6644,0.6601,0.6627,4726.39,2019-12-23 03:00:00
1188,1577066400000,0.659,0.6629,0.659,0.6599,3047.62,2019-12-23 02:00:00
1189,1577062800000,0.6559,0.6629,0.6547,0.6584,3766.55,2019-12-23 01:00:00
1190,1577059200000,0.6513,0.6626,0.6458,0.6543,39064.74,2019-12-23 00:00:00
1191,1577055600000,0.6466,0.6516,0.6466,0.6512,8043.18,2019-12-22 23:00:00
1192,1577052000000,0.6464,0.6473,0.6447,0.6466,6426.82,2019-12-22 22:00:00
1193,1577048400000,0.6543,0.658,0.6447,0.6447,58850.43,2019-12-22 21:00:00
1194,1577044800000,0.6536,0.6576,0.6512,0.6569,4236.46,2019-12-22 20:00:00
1195,1577041200000,0.6539,0.6539,0.6488,0.6529,5245.88,2019-12-22 19:00:00
1196,1577037600000,0.6501,0.6513,0.6463,0.6498,9344.15,2019-12-22 18:00:00
1197,1577034000000,0.6513,0.6557,0.6462,0.6478,13658.59,2019-12-22 17:00:00
1198,1577030400000,0.6508,0.6522,0.6461,0.6485,4453.79,2019-12-22 16:00:00
1199,1577026800000,0.6475,0.6506,0.6475,0.6486,888.08,2019-12-22 15:00:00
1200,1577023200000,0.6458,0.6476,0.645,0.6476,1989.74,2019-12-22 14:00:00
1201,1577019600000,0.6464,0.6465,0.6458,0.6465,686.04,2019-12-22 13:00:00
1202,1577016000000,0.646,0.6461,0.6459,0.6461,1431.24,2019-12-22 12:00:00
1203,1577012400000,0.6499,0.651,0.6466,0.6466,1844.93,2019-12-22 11:00:00
1204,1577008800000,0.6492,0.6508,0.6492,0.6492,4783.31,2019-12-22 10:00:00
1205,1577005200000,0.6492,0.6531,0.6492,0.6492,2916.46,2019-12-22 09:00:00
1206,1577001600000,0.6528,0.6565,0.6491,0.6491,1016.92,2019-12-22 08:00:00
1207,1576998000000,0.6467,0.6528,0.6467,0.6528,5637.16,2019-12-22 07:00:00
1208,1576994400000,0.6442,0.6442,0.6436,0.6436,1233.33,2019-12-22 06:00:00
1209,1576990800000,0.6455,0.6462,0.6455,0.6457,1400.11,2019-12-22 05:00:00
1210,1576987200000,0.6461,0.6461,0.6461,0.6461,125.19,2019-12-22 04:00:00
1211,1576983600000,0.6465,0.6465,0.6465,0.6465,0.0,2019-12-22 03:00:00
1212,1576980000000,0.6478,0.6478,0.6436,0.6465,1450.61,2019-12-22 02:00:00
1213,1576976400000,0.6432,0.6455,0.6428,0.6455,411.56,2019-12-22 01:00:00
1214,1576972800000,0.6479,0.6479,0.6436,0.6436,733.31,2019-12-22 00:00:00
1215,1576969200000,0.648,0.6485,0.6479,0.6479,63.86,2019-12-21 23:00:00
1216,1576965600000,0.6477,0.6477,0.6461,0.6461,1479.48,2019-12-21 22:00:00
1217,1576962000000,0.6511,0.6511,0.6455,0.6488,2489.5,2019-12-21 21:00:00
1218,1576958400000,0.6509,0.651,0.6509,0.651,92.16,2019-12-21 20:00:00
1219,1576954800000,0.6488,0.6518,0.6484,0.6484,2333.83,2019-12-21 19:00:00
1220,1576951200000,0.6497,0.6497,0.6473,0.6479,170.3,2019-12-21 18:00:00
1221,1576947600000,0.647,0.647,0.6463,0.6463,254.35,2019-12-21 17:00:00
1222,1576944000000,0.646,0.648,0.6456,0.6472,2072.79,2019-12-21 16:00:00
1223,1576940400000,0.6451,0.646,0.6451,0.6455,593.22,2019-12-21 15:00:00
1224,1576936800000,0.6446,0.6465,0.644,0.6463,1224.59,2019-12-21 14:00:00
1225,1576933200000,0.6562,0.6594,0.6469,0.647,24511.9,2019-12-21 13:00:00
1226,1576929600000,0.6525,0.655,0.6517,0.653,4977.64,2019-12-21 12:00:00
1227,1576926000000,0.6439,0.6483,0.6439,0.6477,1235.35,2019-12-21 11:00:00
1228,1576922400000,0.6413,0.6457,0.6406,0.6457,2058.47,2019-12-21 10:00:00
1229,1576918800000,0.6419,0.6419,0.6417,0.6417,289.13,2019-12-21 09:00:00
1230,1576915200000,0.641,0.6447,0.6393,0.6419,8786.91,2019-12-21 08:00:00
1231,1576911600000,0.6413,0.6421,0.6391,0.641,663.36,2019-12-21 07:00:00
1232,1576908000000,0.6439,0.6439,0.6413,0.6436,512.82,2019-12-21 06:00:00
1233,1576904400000,0.6438,0.6438,0.6438,0.6438,0.0,2019-12-21 05:00:00
1234,1576900800000,0.6438,0.6438,0.6438,0.6438,5.11,2019-12-21 04:00:00
1235,1576897200000,0.6432,0.6437,0.6426,0.6437,337.81,2019-12-21 03:00:00
1236,1576893600000,0.6439,0.6439,0.641,0.6431,837.4,2019-12-21 02:00:00
1237,1576890000000,0.6472,0.649,0.6427,0.6439,324.0,2019-12-21 01:00:00
1238,1576886400000,0.6528,0.6528,0.651,0.651,22.09,2019-12-21 00:00:00
1239,1576882800000,0.6525,0.6529,0.6525,0.6529,199.24,2019-12-20 23:00:00
1240,1576879200000,0.6553,0.6601,0.6501,0.6511,3695.9,2019-12-20 22:00:00
1241,1576875600000,0.6506,0.6589,0.6501,0.6547,4433.12,2019-12-20 21:00:00
1242,1576872000000,0.6446,0.653,0.6436,0.6517,6206.62,2019-12-20 20:00:00
1243,1576868400000,0.6458,0.6474,0.6448,0.6451,965.94,2019-12-20 19:00:00
1244,1576864800000,0.644,0.6484,0.644,0.646,3336.86,2019-12-20 18:00:00
1245,1576861200000,0.641,0.644,0.641,0.6411,361.15,2019-12-20 17:00:00
1246,1576857600000,0.6406,0.6411,0.6369,0.638,1737.2,2019-12-20 16:00:00
1247,1576854000000,0.6511,0.6548,0.6373,0.6373,8253.33,2019-12-20 15:00:00
1248,1576850400000,0.6419,0.6526,0.6419,0.6489,9191.56,2019-12-20 14:00:00
1249,1576846800000,0.6426,0.6464,0.6414,0.6414,4454.55,2019-12-20 13:00:00
1250,1576843200000,0.6366,0.642,0.6365,0.6398,3977.41,2019-12-20 12:00:00
1251,1576839600000,0.6367,0.6367,0.6352,0.6352,69.82,2019-12-20 11:00:00
1252,1576836000000,0.6339,0.6345,0.632,0.6337,1201.24,2019-12-20 10:00:00
1253,1576832400000,0.6327,0.6327,0.6318,0.6318,303.41,2019-12-20 09:00:00
1254,1576828800000,0.6304,0.6326,0.6286,0.6288,7377.97,2019-12-20 08:00:00
1255,1576825200000,0.629,0.6307,0.6283,0.6301,1962.72,2019-12-20 07:00:00
1256,1576821600000,0.6266,0.6292,0.6259,0.6269,1826.94,2019-12-20 06:00:00
1257,1576818000000,0.6283,0.6292,0.627,0.627,3770.33,2019-12-20 05:00:00
1258,1576814400000,0.6293,0.6314,0.6286,0.6314,1224.55,2019-12-20 04:00:00
1259,1576810800000,0.6289,0.6293,0.6271,0.6271,1650.39,2019-12-20 03:00:00
1260,1576807200000,0.6273,0.6286,0.6266,0.6266,388.46,2019-12-20 02:00:00
1261,1576803600000,0.627,0.6275,0.626,0.6273,5534.79,2019-12-20 01:00:00
1262,1576800000000,0.6325,0.6326,0.6259,0.6261,1587.46,2019-12-20 00:00:00
1263,1576796400000,0.6318,0.6324,0.6316,0.6324,1117.68,2019-12-19 23:00:00
1264,1576792800000,0.6364,0.6364,0.6298,0.6298,1381.53,2019-12-19 22:00:00
1265,1576789200000,0.6336,0.6357,0.6331,0.6344,4022.83,2019-12-19 21:00:00
1266,1576785600000,0.6348,0.6365,0.6336,0.6353,2188.88,2019-12-19 20:00:00
1267,1576782000000,0.6397,0.6403,0.6364,0.6395,3669.19,2019-12-19 19:00:00
1268,1576778400000,0.6367,0.6397,0.6346,0.6397,1744.04,2019-12-19 18:00:00
1269,1576774800000,0.6396,0.6396,0.6362,0.6382,2306.51,2019-12-19 17:00:00
1270,1576771200000,0.639,0.6434,0.638,0.6403,3670.22,2019-12-19 16:00:00
1271,1576767600000,0.6397,0.6405,0.6359,0.6405,3935.44,2019-12-19 15:00:00
1272,1576764000000,0.6306,0.673,0.6306,0.636,21952.47,2019-12-19 14:00:00
1273,1576760400000,0.6378,0.6423,0.6289,0.6309,8581.57,2019-12-19 13:00:00
1274,1576756800000,0.6357,0.6389,0.6357,0.6389,1090.26,2019-12-19 12:00:00
1275,1576753200000,0.6362,0.6367,0.6336,0.6367,2674.26,2019-12-19 11:00:00
1276,1576749600000,0.6376,0.6406,0.6357,0.6381,3719.54,2019-12-19 10:00:00
1277,1576746000000,0.6334,0.6369,0.6246,0.6353,15205.04,2019-12-19 09:00:00
1278,1576742400000,0.6348,0.6363,0.6336,0.6336,2440.8,2019-12-19 08:00:00
1279,1576738800000,0.636,0.6369,0.6347,0.6348,9606.51,2019-12-19 07:00:00
1280,1576735200000,0.636,0.6389,0.6359,0.636,1228.2,2019-12-19 06:00:00
1281,1576731600000,0.6346,0.6359,0.6332,0.6359,1831.48,2019-12-19 05:00:00
1282,1576728000000,0.646,0.6461,0.635,0.637,6677.13,2019-12-19 04:00:00
1283,1576724400000,0.643,0.646,0.643,0.643,519.49,2019-12-19 03:00:00
1284,1576720800000,0.6419,0.6475,0.6419,0.6447,3001.8,2019-12-19 02:00:00
1285,1576717200000,0.6484,0.6485,0.6305,0.6398,25125.25,2019-12-19 01:00:00
1286,1576713600000,0.6587,0.6645,0.651,0.651,15073.48,2019-12-19 00:00:00
1287,1576710000000,0.672,0.6744,0.6531,0.6587,16608.38,2019-12-18 23:00:00
1288,1576706400000,0.6509,0.6733,0.6509,0.6733,9108.74,2019-12-18 22:00:00
1289,1576702800000,0.6533,0.6633,0.6482,0.649,32926.71,2019-12-18 21:00:00
1290,1576699200000,0.6288,0.6646,0.6287,0.6533,157759.55,2019-12-18 20:00:00
1291,1576695600000,0.6172,0.6272,0.615,0.6254,15896.5,2019-12-18 19:00:00
1292,1576692000000,0.6201,0.6201,0.6162,0.6171,610.89,2019-12-18 18:00:00
1293,1576688400000,0.6242,0.6258,0.6161,0.6189,18690.42,2019-12-18 17:00:00
1294,1576684800000,0.6192,0.6262,0.614,0.6211,10397.6,2019-12-18 16:00:00
1295,1576681200000,0.6067,0.6295,0.6062,0.6192,17028.89,2019-12-18 15:00:00
1296,1576677600000,0.6117,0.6124,0.5922,0.6063,22037.77,2019-12-18 14:00:00
1297,1576674000000,0.5795,0.601,0.5691,0.601,32266.78,2019-12-18 13:00:00
1298,1576670400000,0.589,0.589,0.5767,0.5786,18903.38,2019-12-18 12:00:00
1299,1576666800000,0.5974,0.5974,0.589,0.589,1608.4,2019-12-18 11:00:00
1300,1576663200000,0.5929,0.6004,0.5924,0.5998,5685.66,2019-12-18 10:00:00
1301,1576659600000,0.5927,0.5947,0.5913,0.5913,499.15,2019-12-18 09:00:00
1302,1576656000000,0.5961,0.5982,0.5908,0.5927,3193.7,2019-12-18 08:00:00
1303,1576652400000,0.5921,0.594,0.5896,0.5922,2211.21,2019-12-18 07:00:00
1304,1576648800000,0.5975,0.6009,0.5944,0.5944,2651.22,2019-12-18 06:00:00
1305,1576645200000,0.6006,0.6006,0.5958,0.597,7284.99,2019-12-18 05:00:00
1306,1576641600000,0.6035,0.607,0.597,0.5983,8284.89,2019-12-18 04:00:00
1307,1576638000000,0.6089,0.6094,0.6012,0.6031,8661.88,2019-12-18 03:00:00
1308,1576634400000,0.6066,0.61,0.6043,0.6088,2687.09,2019-12-18 02:00:00
1309,1576630800000,0.6062,0.6117,0.603,0.6066,15197.79,2019-12-18 01:00:00
1310,1576627200000,0.5914,0.6043,0.5904,0.6039,11383.79,2019-12-18 00:00:00
1311,1576623600000,0.5902,0.5988,0.5862,0.5914,14765.29,2019-12-17 23:00:00
1312,1576620000000,0.5826,0.5923,0.5824,0.5922,28938.94,2019-12-17 22:00:00
1313,1576616400000,0.5816,0.5833,0.5816,0.5826,10462.65,2019-12-17 21:00:00
1314,1576612800000,0.5859,0.5859,0.5793,0.5793,17866.62,2019-12-17 20:00:00
1315,1576609200000,0.6063,0.6063,0.5832,0.5847,21611.87,2019-12-17 19:00:00
1316,1576605600000,0.6174,0.6201,0.6038,0.606,106577.74,2019-12-17 18:00:00
1317,1576602000000,0.6227,0.6227,0.6173,0.6173,2809.96,2019-12-17 17:00:00
1318,1576598400000,0.6214,0.6253,0.6101,0.6251,11467.43,2019-12-17 16:00:00
1319,1576594800000,0.6278,0.6279,0.6205,0.6214,23200.59,2019-12-17 15:00:00
1320,1576591200000,0.6208,0.6289,0.608,0.6261,42361.39,2019-12-17 14:00:00
1321,1576587600000,0.636,0.6362,0.616,0.6203,21051.05,2019-12-17 13:00:00
1322,1576584000000,0.6404,0.6414,0.6381,0.6381,7923.15,2019-12-17 12:00:00
1323,1576580400000,0.6375,0.6393,0.6346,0.6393,2870.71,2019-12-17 11:00:00
1324,1576576800000,0.6368,0.6377,0.6337,0.6377,1714.2,2019-12-17 10:00:00
1325,1576573200000,0.6364,0.6368,0.6348,0.6368,3228.51,2019-12-17 09:00:00
1326,1576569600000,0.6352,0.6365,0.632,0.6331,3614.69,2019-12-17 08:00:00
1327,1576566000000,0.6395,0.6395,0.6324,0.635,2884.54,2019-12-17 07:00:00
1328,1576562400000,0.6402,0.641,0.6382,0.6382,2832.59,2019-12-17 06:00:00
1329,1576558800000,0.6433,0.6433,0.6374,0.6402,19702.46,2019-12-17 05:00:00
1330,1576555200000,0.6472,0.6473,0.6422,0.6439,3510.12,2019-12-17 04:00:00
1331,1576551600000,0.6511,0.6511,0.6442,0.6455,4657.05,2019-12-17 03:00:00
1332,1576548000000,0.6517,0.6525,0.6492,0.6492,1712.48,2019-12-17 02:00:00
1333,1576544400000,0.6544,0.6544,0.6512,0.6513,6237.12,2019-12-17 01:00:00
1334,1576540800000,0.6544,0.6551,0.6544,0.6544,3155.77,2019-12-17 00:00:00
1335,1576537200000,0.6482,0.6561,0.6478,0.6546,12728.36,2019-12-16 23:00:00
1336,1576533600000,0.6467,0.6525,0.6467,0.649,5045.86,2019-12-16 22:00:00
1337,1576530000000,0.6377,0.6476,0.636,0.6476,25038.95,2019-12-16 21:00:00
1338,1576526400000,0.6384,0.6492,0.6362,0.6362,50324.77,2019-12-16 20:00:00
1339,1576522800000,0.6543,0.6543,0.6376,0.6392,52156.22,2019-12-16 19:00:00
1340,1576519200000,0.6911,0.6923,0.651,0.6569,67341.84,2019-12-16 18:00:00
1341,1576515600000,0.6913,0.6913,0.691,0.691,195.0,2019-12-16 17:00:00
1342,1576512000000,0.692,0.6931,0.6911,0.6911,721.98,2019-12-16 16:00:00
1343,1576508400000,0.6947,0.6957,0.6911,0.693,6504.91,2019-12-16 15:00:00
1344,1576504800000,0.6971,0.6972,0.6966,0.6972,2666.01,2019-12-16 14:00:00
1345,1576501200000,0.6979,0.6979,0.694,0.6952,1785.15,2019-12-16 13:00:00
1346,1576497600000,0.6984,0.6984,0.6936,0.6979,1167.93,2019-12-16 12:00:00
1347,1576494000000,0.6926,0.697,0.6923,0.696,3267.75,2019-12-16 11:00:00
1348,1576490400000,0.6944,0.6946,0.6927,0.6927,572.49,2019-12-16 10:00:00
1349,1576486800000,0.6987,0.6987,0.6937,0.6951,1182.76,2019-12-16 09:00:00
1350,1576483200000,0.6975,0.6991,0.6965,0.6965,1197.47,2019-12-16 08:00:00
1351,1576479600000,0.7009,0.7009,0.6984,0.6985,1658.95,2019-12-16 07:00:00
1352,1576476000000,0.7007,0.7011,0.6981,0.6984,527.91,2019-12-16 06:00:00
1353,1576472400000,0.6946,0.6974,0.6946,0.6951,461.36,2019-12-16 05:00:00
1354,1576468800000,0.6968,0.6968,0.6954,0.6968,886.88,2019-12-16 04:00:00
1355,1576465200000,0.6991,0.6998,0.697,0.6973,3812.01,2019-12-16 03:00:00
1356,1576461600000,0.6974,0.6991,0.696,0.6991,4011.94,2019-12-16 02:00:00
1357,1576458000000,0.699,0.6993,0.6976,0.6976,161.75,2019-12-16 01:00:00
1358,1576454400000,0.7018,0.7018,0.6986,0.6991,6075.15,2019-12-16 00:00:00
1359,1576450800000,0.7015,0.7018,0.7014,0.7018,1034.12,2019-12-15 23:00:00
1360,1576447200000,0.7005,0.7031,0.7005,0.7031,639.14,2019-12-15 22:00:00
1361,1576443600000,0.7016,0.7016,0.7002,0.7002,868.32,2019-12-15 21:00:00
1362,1576440000000,0.7025,0.7048,0.7019,0.7028,924.43,2019-12-15 20:00:00
1363,1576436400000,0.7015,0.7015,0.7015,0.7015,111.11,2019-12-15 19:00:00
1364,1576432800000,0.6997,0.7023,0.6985,0.7005,407.34,2019-12-15 18:00:00
1365,1576429200000,0.6963,0.6963,0.6963,0.6963,87.61,2019-12-15 17:00:00
1366,1576425600000,0.6986,0.6988,0.6957,0.6988,316.17,2019-12-15 16:00:00
1367,1576422000000,0.6995,0.7011,0.6983,0.6983,1353.88,2019-12-15 15:00:00
1368,1576418400000,0.6968,0.7007,0.6968,0.699,955.78,2019-12-15 14:00:00
1369,1576414800000,0.696,0.6981,0.6951,0.6962,4218.49,2019-12-15 13:00:00
1370,1576411200000,0.7029,0.7029,0.6939,0.6958,2502.99,2019-12-15 12:00:00
1371,1576407600000,0.7009,0.7036,0.7009,0.7035,52.82,2019-12-15 11:00:00
1372,1576404000000,0.7035,0.7047,0.7014,0.7014,6806.38,2019-12-15 10:00:00
1373,1576400400000,0.702,0.7037,0.7014,0.7037,2075.82,2019-12-15 09:00:00
1374,1576396800000,0.7027,0.7033,0.7007,0.7023,3497.05,2019-12-15 08:00:00
1375,1576393200000,0.6911,0.7051,0.6911,0.7006,3651.03,2019-12-15 07:00:00
1376,1576389600000,0.688,0.6911,0.688,0.6911,550.81,2019-12-15 06:00:00
1377,1576386000000,0.6913,0.6913,0.6901,0.6911,74.74,2019-12-15 05:00:00
1378,1576382400000,0.69,0.6922,0.69,0.6914,1705.45,2019-12-15 04:00:00
1379,1576378800000,0.6955,0.6955,0.6855,0.69,14910.74,2019-12-15 03:00:00
1380,1576375200000,0.6931,0.6977,0.6924,0.6962,1574.0,2019-12-15 02:00:00
1381,1576371600000,0.6939,0.6939,0.6929,0.6937,2114.25,2019-12-15 01:00:00
1382,1576368000000,0.699,0.6997,0.6919,0.6962,3621.74,2019-12-15 00:00:00
1383,1576364400000,0.7073,0.7073,0.7037,0.7063,1618.22,2019-12-14 23:00:00
1384,1576360800000,0.7056,0.7069,0.7056,0.7058,733.56,2019-12-14 22:00:00
1385,1576357200000,0.7001,0.7048,0.7001,0.703,2309.28,2019-12-14 21:00:00
1386,1576353600000,0.701,0.7029,0.6994,0.6998,3648.88,2019-12-14 20:00:00
1387,1576350000000,0.7066,0.7066,0.701,0.7033,531.89,2019-12-14 19:00:00
1388,1576346400000,0.7045,0.7061,0.7013,0.7037,4081.63,2019-12-14 18:00:00
1389,1576342800000,0.7035,0.7064,0.7021,0.7053,8034.67,2019-12-14 17:00:00
1390,1576339200000,0.6959,0.7058,0.6926,0.7048,5164.19,2019-12-14 16:00:00
1391,1576335600000,0.7034,0.7034,0.6916,0.6959,12539.99,2019-12-14 15:00:00
1392,1576332000000,0.6993,0.7034,0.6968,0.7034,6033.11,2019-12-14 14:00:00
1393,1576328400000,0.7,0.7016,0.695,0.6993,16790.34,2019-12-14 13:00:00
1394,1576324800000,0.7031,0.7038,0.7,0.7,4719.08,2019-12-14 12:00:00
1395,1576321200000,0.706,0.706,0.7023,0.703,5971.73,2019-12-14 11:00:00
1396,1576317600000,0.709,0.71,0.7081,0.7083,2623.46,2019-12-14 10:00:00
1397,1576314000000,0.7089,0.71,0.7061,0.7061,1375.68,2019-12-14 09:00:00
1398,1576310400000,0.7106,0.7107,0.7061,0.7061,3218.98,2019-12-14 08:00:00
1399,1576306800000,0.7105,0.7129,0.7105,0.7129,266.96,2019-12-14 07:00:00
1400,1576303200000,0.7146,0.7174,0.7136,0.7143,2283.79,2019-12-14 06:00:00
1401,1576299600000,0.7151,0.7151,0.7151,0.7151,16.2,2019-12-14 05:00:00
1402,1576296000000,0.7148,0.719,0.713,0.7137,10411.35,2019-12-14 04:00:00
1403,1576292400000,0.7224,0.7299,0.7142,0.716,48872.85,2019-12-14 03:00:00
1404,1576288800000,0.7212,0.729,0.7212,0.7231,14021.95,2019-12-14 02:00:00
1405,1576285200000,0.7159,0.7213,0.7146,0.7213,3770.66,2019-12-14 01:00:00
1406,1576281600000,0.7091,0.7161,0.7091,0.7161,5695.02,2019-12-14 00:00:00
1407,1576278000000,0.7054,0.7059,0.7054,0.7059,780.22,2019-12-13 23:00:00
1408,1576274400000,0.7076,0.7085,0.7045,0.7046,10031.64,2019-12-13 22:00:00
1409,1576270800000,0.7082,0.7095,0.7063,0.7066,1178.58,2019-12-13 21:00:00
1410,1576267200000,0.7122,0.7126,0.7097,0.7102,3208.97,2019-12-13 20:00:00
1411,1576263600000,0.7119,0.7121,0.7106,0.7121,3848.16,2019-12-13 19:00:00
1412,1576260000000,0.7152,0.7161,0.7111,0.7111,2654.39,2019-12-13 18:00:00
1413,1576256400000,0.7185,0.7196,0.7139,0.7139,10542.85,2019-12-13 17:00:00
1414,1576252800000,0.7199,0.7223,0.7178,0.7185,2861.34,2019-12-13 16:00:00
1415,1576249200000,0.715,0.7269,0.715,0.7184,28766.9,2019-12-13 15:00:00
1416,1576245600000,0.7184,0.7184,0.713,0.715,15508.62,2019-12-13 14:00:00
1417,1576242000000,0.7185,0.7185,0.7181,0.7184,59.0,2019-12-13 13:00:00
1418,1576238400000,0.7172,0.7172,0.7164,0.7164,3694.92,2019-12-13 12:00:00
1419,1576234800000,0.7185,0.7193,0.7184,0.7193,1149.05,2019-12-13 11:00:00
1420,1576231200000,0.7184,0.7189,0.7159,0.7189,1455.36,2019-12-13 10:00:00
1421,1576227600000,0.716,0.7212,0.7157,0.717,7583.01,2019-12-13 09:00:00
1422,1576224000000,0.7136,0.7161,0.7115,0.7161,4301.03,2019-12-13 08:00:00
1423,1576220400000,0.7111,0.7145,0.7111,0.7145,3287.56,2019-12-13 07:00:00
1424,1576216800000,0.7146,0.7146,0.7114,0.7134,1062.89,2019-12-13 06:00:00
1425,1576213200000,0.7153,0.7153,0.7153,0.7153,200.0,2019-12-13 05:00:00
1426,1576209600000,0.714,0.7142,0.7131,0.7131,828.77,2019-12-13 04:00:00
1427,1576206000000,0.7115,0.7132,0.7115,0.7127,356.23,2019-12-13 03:00:00
1428,1576202400000,0.7109,0.7109,0.709,0.7098,903.9,2019-12-13 02:00:00
1429,1576198800000,0.712,0.712,0.7108,0.7113,1516.9,2019-12-13 01:00:00
1430,1576195200000,0.7127,0.7127,0.7127,0.7127,9.24,2019-12-13 00:00:00
1431,1576191600000,0.7102,0.7102,0.7102,0.7102,0.0,2019-12-12 23:00:00
1432,1576188000000,0.7102,0.7102,0.7102,0.7102,36.0,2019-12-12 22:00:00
1433,1576184400000,0.7125,0.7138,0.7084,0.7098,7020.65,2019-12-12 21:00:00
1434,1576180800000,0.7098,0.71,0.7067,0.71,4919.5,2019-12-12 20:00:00
1435,1576177200000,0.7102,0.7104,0.708,0.7085,1894.66,2019-12-12 19:00:00
1436,1576173600000,0.7097,0.7102,0.7082,0.7102,574.77,2019-12-12 18:00:00
1437,1576170000000,0.7087,0.711,0.7077,0.7099,389.37,2019-12-12 17:00:00
1438,1576166400000,0.7059,0.7122,0.7058,0.7087,4772.4,2019-12-12 16:00:00
1439,1576162800000,0.7071,0.7073,0.7036,0.7059,3235.58,2019-12-12 15:00:00
1440,1576159200000,0.7212,0.7222,0.7055,0.7071,27569.64,2019-12-12 14:00:00
1441,1576155600000,0.7232,0.7232,0.7179,0.7179,2326.59,2019-12-12 13:00:00
1442,1576152000000,0.7196,0.7196,0.7196,0.7196,21.2,2019-12-12 12:00:00
1443,1576148400000,0.7185,0.7226,0.7185,0.7217,653.83,2019-12-12 11:00:00
1444,1576144800000,0.7164,0.7211,0.7164,0.7187,2656.68,2019-12-12 10:00:00
1445,1576141200000,0.7056,0.7202,0.7055,0.7162,9745.59,2019-12-12 09:00:00
1446,1576137600000,0.7143,0.7147,0.7056,0.7079,2537.58,2019-12-12 08:00:00
1447,1576134000000,0.715,0.7173,0.715,0.7161,327.78,2019-12-12 07:00:00
1448,1576130400000,0.7156,0.7178,0.715,0.7171,2547.72,2019-12-12 06:00:00
1449,1576126800000,0.7145,0.7176,0.7145,0.7176,327.94,2019-12-12 05:00:00
1450,1576123200000,0.7145,0.7145,0.7145,0.7145,200.02,2019-12-12 04:00:00
1451,1576119600000,0.7138,0.7178,0.7138,0.7158,573.47,2019-12-12 03:00:00
1452,1576116000000,0.7146,0.7146,0.7146,0.7146,43.85,2019-12-12 02:00:00
1453,1576112400000,0.7129,0.7146,0.7082,0.7146,3890.26,2019-12-12 01:00:00
1454,1576108800000,0.7192,0.7243,0.7113,0.7123,15054.33,2019-12-12 00:00:00
1455,1576105200000,0.7187,0.7187,0.7185,0.7185,300.0,2019-12-11 23:00:00
1456,1576101600000,0.718,0.72,0.718,0.7189,27.24,2019-12-11 22:00:00
1457,1576098000000,0.7162,0.7175,0.715,0.7162,378.93,2019-12-11 21:00:00
1458,1576094400000,0.7182,0.7211,0.7178,0.7178,900.46,2019-12-11 20:00:00
1459,1576090800000,0.7189,0.7189,0.7189,0.7189,99.99,2019-12-11 19:00:00
1460,1576087200000,0.7273,0.7297,0.7206,0.7206,8113.87,2019-12-11 18:00:00
1461,1576083600000,0.725,0.7253,0.725,0.7252,1003.75,2019-12-11 17:00:00
1462,1576080000000,0.7187,0.7273,0.718,0.7242,8588.0,2019-12-11 16:00:00
1463,1576076400000,0.7342,0.7342,0.7162,0.7187,18509.59,2019-12-11 15:00:00
1464,1576072800000,0.7325,0.7327,0.7304,0.7304,1953.92,2019-12-11 14:00:00
1465,1576069200000,0.7356,0.7356,0.7303,0.7325,3017.39,2019-12-11 13:00:00
1466,1576065600000,0.7371,0.7371,0.7336,0.7366,307.77,2019-12-11 12:00:00
1467,1576062000000,0.7337,0.7337,0.7335,0.7335,8204.25,2019-12-11 11:00:00
1468,1576058400000,0.7383,0.7383,0.7335,0.7355,6594.84,2019-12-11 10:00:00
1469,1576054800000,0.7408,0.7417,0.7368,0.738,3233.86,2019-12-11 09:00:00
1470,1576051200000,0.7411,0.7411,0.7388,0.7409,3458.62,2019-12-11 08:00:00
1471,1576047600000,0.7376,0.7403,0.737,0.7378,3970.6,2019-12-11 07:00:00
1472,1576044000000,0.7366,0.7384,0.7345,0.738,4531.99,2019-12-11 06:00:00
1473,1576040400000,0.7321,0.7352,0.7313,0.7352,3699.44,2019-12-11 05:00:00
1474,1576036800000,0.727,0.7317,0.7269,0.73,407.04,2019-12-11 04:00:00
1475,1576033200000,0.7301,0.7304,0.7258,0.7304,2508.41,2019-12-11 03:00:00
1476,1576029600000,0.729,0.7332,0.7289,0.7332,1241.32,2019-12-11 02:00:00
1477,1576026000000,0.7305,0.7329,0.7305,0.7329,2106.16,2019-12-11 01:00:00
1478,1576022400000,0.7321,0.7357,0.7278,0.7305,6409.18,2019-12-11 00:00:00
1479,1576018800000,0.7268,0.7321,0.7267,0.7313,1948.74,2019-12-10 23:00:00
1480,1576015200000,0.718,0.7276,0.718,0.7268,2458.07,2019-12-10 22:00:00
1481,1576011600000,0.7174,0.7218,0.7174,0.7216,2484.09,2019-12-10 21:00:00
1482,1576008000000,0.7157,0.7157,0.7126,0.7126,166.71,2019-12-10 20:00:00
1483,1576004400000,0.7091,0.7162,0.7091,0.7162,4121.73,2019-12-10 19:00:00
1484,1576000800000,0.7058,0.7119,0.7022,0.7116,6075.27,2019-12-10 18:00:00
1485,1575997200000,0.7069,0.7094,0.7056,0.7058,1563.48,2019-12-10 17:00:00
1486,1575993600000,0.7178,0.7191,0.7075,0.71,8031.01,2019-12-10 16:00:00
1487,1575990000000,0.7268,0.7268,0.7178,0.7178,3936.33,2019-12-10 15:00:00
1488,1575986400000,0.7381,0.7381,0.7262,0.7276,5489.48,2019-12-10 14:00:00
1489,1575982800000,0.7342,0.7396,0.7342,0.7381,2843.09,2019-12-10 13:00:00
1490,1575979200000,0.7377,0.7377,0.7333,0.7363,4655.17,2019-12-10 12:00:00
1491,1575975600000,0.74,0.74,0.7359,0.7359,2807.46,2019-12-10 11:00:00
1492,1575972000000,0.7387,0.7387,0.7363,0.7376,4509.31,2019-12-10 10:00:00
1493,1575968400000,0.7379,0.74,0.7371,0.7376,5005.55,2019-12-10 09:00:00
1494,1575964800000,0.7369,0.7397,0.7368,0.7368,2700.1,2019-12-10 08:00:00
1495,1575961200000,0.7302,0.7369,0.7291,0.7369,3595.59,2019-12-10 07:00:00
1496,1575957600000,0.728,0.7302,0.7273,0.7302,5393.59,2019-12-10 06:00:00
1497,1575954000000,0.7322,0.7328,0.7305,0.7305,1659.16,2019-12-10 05:00:00
1498,1575950400000,0.7335,0.7346,0.7305,0.7322,3058.24,2019-12-10 04:00:00
1499,1575946800000,0.7301,0.735,0.7301,0.7329,9719.81,2019-12-10 03:00:00
1500,1575943200000,0.7312,0.7313,0.7294,0.73,3056.22,2019-12-10 02:00:00
1501,1575939600000,0.7329,0.7336,0.7268,0.7274,7763.17,2019-12-10 01:00:00
1502,1575936000000,0.7324,0.7329,0.7288,0.7329,2478.54,2019-12-10 00:00:00
1503,1575932400000,0.7325,0.7325,0.7325,0.7325,20.35,2019-12-09 23:00:00
1504,1575928800000,0.7327,0.7333,0.7294,0.7327,1487.21,2019-12-09 22:00:00
1505,1575925200000,0.7313,0.7343,0.7313,0.7343,359.28,2019-12-09 21:00:00
1506,1575921600000,0.7342,0.7376,0.7246,0.727,19524.49,2019-12-09 20:00:00
1507,1575918000000,0.7453,0.7465,0.7358,0.7358,18532.71,2019-12-09 19:00:00
1508,1575914400000,0.7477,0.7505,0.7401,0.7429,11040.08,2019-12-09 18:00:00
1509,1575910800000,0.7433,0.7481,0.7431,0.7477,1652.65,2019-12-09 17:00:00
1510,1575907200000,0.7375,0.7424,0.7369,0.7403,6364.83,2019-12-09 16:00:00
1511,1575903600000,0.7628,0.768,0.7372,0.7375,23084.04,2019-12-09 15:00:00
1512,1575900000000,0.7553,0.7633,0.7553,0.7596,11267.63,2019-12-09 14:00:00
1513,1575896400000,0.7465,0.756,0.745,0.7551,3818.02,2019-12-09 13:00:00
1514,1575892800000,0.7444,0.7465,0.7432,0.7465,1277.72,2019-12-09 12:00:00
1515,1575889200000,0.7421,0.7421,0.7415,0.7415,943.57,2019-12-09 11:00:00
1516,1575885600000,0.7416,0.7422,0.7392,0.7418,433.19,2019-12-09 10:00:00
1517,1575882000000,0.7421,0.7435,0.7388,0.7388,1028.57,2019-12-09 09:00:00
1518,1575878400000,0.7418,0.7429,0.7389,0.7425,4341.45,2019-12-09 08:00:00
1519,1575874800000,0.744,0.7444,0.7418,0.7418,2508.61,2019-12-09 07:00:00
1520,1575871200000,0.7427,0.7465,0.741,0.746,4283.83,2019-12-09 06:00:00
1521,1575867600000,0.7472,0.7472,0.743,0.743,1201.43,2019-12-09 05:00:00
1522,1575864000000,0.7442,0.7488,0.743,0.7462,4442.25,2019-12-09 04:00:00
1523,1575860400000,0.7465,0.7465,0.743,0.7465,789.25,2019-12-09 03:00:00
1524,1575856800000,0.7432,0.7462,0.7429,0.7441,5656.46,2019-12-09 02:00:00
1525,1575853200000,0.7455,0.7455,0.7402,0.7433,4314.74,2019-12-09 01:00:00
1526,1575849600000,0.7474,0.7474,0.7453,0.7453,315.45,2019-12-09 00:00:00
1527,1575846000000,0.7481,0.7483,0.7479,0.7479,111.15,2019-12-08 23:00:00
1528,1575842400000,0.746,0.748,0.7454,0.748,1623.92,2019-12-08 22:00:00
1529,1575838800000,0.746,0.748,0.746,0.7463,528.91,2019-12-08 21:00:00
1530,1575835200000,0.7437,0.7473,0.7437,0.7473,309.6,2019-12-08 20:00:00
1531,1575831600000,0.7456,0.7477,0.7441,0.7446,1626.07,2019-12-08 19:00:00
1532,1575828000000,0.7493,0.7513,0.7453,0.7453,15093.29,2019-12-08 18:00:00
1533,1575824400000,0.7512,0.7512,0.7475,0.7475,2949.86,2019-12-08 17:00:00
1534,1575820800000,0.7525,0.7534,0.7476,0.7488,6670.37,2019-12-08 16:00:00
1535,1575817200000,0.7453,0.7542,0.7453,0.7514,5477.37,2019-12-08 15:00:00
1536,1575813600000,0.7476,0.7477,0.7451,0.7451,1639.81,2019-12-08 14:00:00
1537,1575810000000,0.7452,0.749,0.7452,0.7454,2381.98,2019-12-08 13:00:00
1538,1575806400000,0.744,0.7467,0.744,0.7442,3787.8,2019-12-08 12:00:00
1539,1575802800000,0.7439,0.7512,0.7439,0.7443,8558.25,2019-12-08 11:00:00
1540,1575799200000,0.7422,0.7456,0.7422,0.7456,1775.35,2019-12-08 10:00:00
1541,1575795600000,0.7381,0.7433,0.7381,0.743,2410.68,2019-12-08 09:00:00
1542,1575792000000,0.7373,0.7381,0.7371,0.7371,1231.79,2019-12-08 08:00:00
1543,1575788400000,0.7399,0.7399,0.7372,0.7372,1996.05,2019-12-08 07:00:00
1544,1575784800000,0.7381,0.7384,0.7368,0.7382,441.87,2019-12-08 06:00:00
1545,1575781200000,0.7348,0.7384,0.7348,0.737,484.69,2019-12-08 05:00:00
1546,1575777600000,0.7333,0.7349,0.7333,0.7349,404.11,2019-12-08 04:00:00
1547,1575774000000,0.7356,0.7357,0.7333,0.7338,933.96,2019-12-08 03:00:00
1548,1575770400000,0.737,0.7386,0.7343,0.7351,1765.94,2019-12-08 02:00:00
1549,1575766800000,0.7417,0.7417,0.7345,0.7389,11122.07,2019-12-08 01:00:00
1550,1575763200000,0.7465,0.7468,0.743,0.7447,3358.27,2019-12-08 00:00:00
1551,1575759600000,0.7461,0.7491,0.7459,0.747,1459.87,2019-12-07 23:00:00
1552,1575756000000,0.7456,0.7489,0.7456,0.7489,283.6,2019-12-07 22:00:00
1553,1575752400000,0.7471,0.7488,0.7457,0.7481,1364.97,2019-12-07 21:00:00
1554,1575748800000,0.7478,0.7493,0.7478,0.7493,103.86,2019-12-07 20:00:00
1555,1575745200000,0.746,0.7492,0.746,0.7467,779.39,2019-12-07 19:00:00
1556,1575741600000,0.7497,0.7497,0.7485,0.7492,2130.33,2019-12-07 18:00:00
1557,1575738000000,0.7479,0.7506,0.745,0.7502,24758.46,2019-12-07 17:00:00
1558,1575734400000,0.7483,0.7511,0.747,0.7497,8813.69,2019-12-07 16:00:00
1559,1575730800000,0.7493,0.7502,0.7483,0.7491,1597.4,2019-12-07 15:00:00
1560,1575727200000,0.7483,0.7521,0.7483,0.752,4415.47,2019-12-07 14:00:00
1561,1575723600000,0.7475,0.7499,0.7465,0.7481,635.03,2019-12-07 13:00:00
1562,1575720000000,0.7499,0.7513,0.7482,0.7491,1738.96,2019-12-07 12:00:00
1563,1575716400000,0.7499,0.7499,0.7499,0.7499,1100.31,2019-12-07 11:00:00
1564,1575712800000,0.7465,0.7489,0.7465,0.7489,51.83,2019-12-07 10:00:00
1565,1575709200000,0.7453,0.7483,0.7453,0.7478,1121.21,2019-12-07 09:00:00
1566,1575705600000,0.7499,0.7502,0.7465,0.7465,2400.8,2019-12-07 08:00:00
1567,1575702000000,0.7476,0.749,0.7474,0.7474,1194.69,2019-12-07 07:00:00
1568,1575698400000,0.7505,0.7507,0.7503,0.7507,1570.31,2019-12-07 06:00:00
1569,1575694800000,0.7533,0.7533,0.7513,0.7533,1635.31,2019-12-07 05:00:00
1570,1575691200000,0.7484,0.7561,0.7484,0.7539,4347.26,2019-12-07 04:00:00
1571,1575687600000,0.7513,0.7529,0.7488,0.7508,4884.69,2019-12-07 03:00:00
1572,1575684000000,0.7479,0.7513,0.7478,0.7513,1736.46,2019-12-07 02:00:00
1573,1575680400000,0.7498,0.75,0.7479,0.7479,2768.04,2019-12-07 01:00:00
1574,1575676800000,0.7484,0.7506,0.7484,0.7486,3382.89,2019-12-07 00:00:00
1575,1575673200000,0.7492,0.7511,0.7445,0.7506,8319.77,2019-12-06 23:00:00
1576,1575669600000,0.7449,0.7491,0.7448,0.7491,2529.37,2019-12-06 22:00:00
1577,1575666000000,0.7396,0.7459,0.7384,0.7402,5274.67,2019-12-06 21:00:00
1578,1575662400000,0.7395,0.7396,0.7359,0.7359,2253.86,2019-12-06 20:00:00
1579,1575658800000,0.7393,0.7416,0.7367,0.7395,5806.25,2019-12-06 19:00:00
1580,1575655200000,0.7424,0.7427,0.7369,0.7392,3437.84,2019-12-06 18:00:00
1581,1575651600000,0.7398,0.7536,0.7379,0.745,34794.28,2019-12-06 17:00:00
1582,1575648000000,0.7398,0.7398,0.7398,0.7398,135.48,2019-12-06 16:00:00
1583,1575644400000,0.7381,0.74,0.7347,0.7381,5882.73,2019-12-06 15:00:00
1584,1575640800000,0.7326,0.7397,0.7326,0.7382,5159.12,2019-12-06 14:00:00
1585,1575637200000,0.7346,0.7353,0.7346,0.7353,178.02,2019-12-06 13:00:00
1586,1575633600000,0.7356,0.7369,0.7345,0.7369,407.15,2019-12-06 12:00:00
1587,1575630000000,0.7314,0.7337,0.73,0.7325,2038.06,2019-12-06 11:00:00
1588,1575626400000,0.7363,0.7383,0.7303,0.7303,2021.33,2019-12-06 10:00:00
1589,1575622800000,0.7325,0.7417,0.7301,0.7391,6761.02,2019-12-06 09:00:00
1590,1575619200000,0.7349,0.7363,0.7343,0.7363,4514.26,2019-12-06 08:00:00
1591,1575615600000,0.7332,0.7353,0.7323,0.7323,403.89,2019-12-06 07:00:00
1592,1575612000000,0.7383,0.7383,0.7334,0.7351,3574.03,2019-12-06 06:00:00
1593,1575608400000,0.7386,0.7386,0.7377,0.7377,43.02,2019-12-06 05:00:00
1594,1575604800000,0.7354,0.7371,0.735,0.735,119.91,2019-12-06 04:00:00
1595,1575601200000,0.7322,0.7386,0.7321,0.7361,7881.82,2019-12-06 03:00:00
1596,1575597600000,0.7371,0.738,0.7321,0.7354,597.17,2019-12-06 02:00:00
1597,1575594000000,0.7321,0.7382,0.7304,0.7382,2756.35,2019-12-06 01:00:00
1598,1575590400000,0.7338,0.7339,0.726,0.7321,2904.48,2019-12-06 00:00:00
1599,1575586800000,0.7321,0.7341,0.7321,0.7341,6974.98,2019-12-05 23:00:00
1600,1575583200000,0.7283,0.7318,0.7258,0.7318,8679.68,2019-12-05 22:00:00
1601,1575579600000,0.7276,0.7308,0.7238,0.7261,6575.6,2019-12-05 21:00:00
1602,1575576000000,0.728,0.7321,0.7273,0.7289,4525.8,2019-12-05 20:00:00
1603,1575572400000,0.7231,0.7271,0.7231,0.7256,1940.46,2019-12-05 19:00:00
1604,1575568800000,0.7255,0.729,0.7217,0.7277,3167.13,2019-12-05 18:00:00
1605,1575565200000,0.7149,0.7226,0.7147,0.7226,6061.3,2019-12-05 17:00:00
1606,1575561600000,0.7171,0.7176,0.7147,0.7174,3246.36,2019-12-05 16:00:00
1607,1575558000000,0.7206,0.7206,0.7133,0.7171,10472.31,2019-12-05 15:00:00
1608,1575554400000,0.7268,0.7268,0.7179,0.7208,29280.5,2019-12-05 14:00:00
1609,1575550800000,0.7369,0.7372,0.7254,0.7269,13612.5,2019-12-05 13:00:00
1610,1575547200000,0.7313,0.7355,0.731,0.7324,3090.73,2019-12-05 12:00:00
1611,1575543600000,0.7296,0.7321,0.7265,0.7272,1480.29,2019-12-05 11:00:00
1612,1575540000000,0.7292,0.7292,0.7191,0.727,19539.49,2019-12-05 10:00:00
1613,1575536400000,0.7308,0.7394,0.7288,0.7288,5563.35,2019-12-05 09:00:00
1614,1575532800000,0.7265,0.7297,0.7251,0.7297,822.42,2019-12-05 08:00:00
1615,1575529200000,0.7326,0.7326,0.7239,0.7261,6863.33,2019-12-05 07:00:00
1616,1575525600000,0.7322,0.7335,0.7292,0.7326,1189.51,2019-12-05 06:00:00
1617,1575522000000,0.7224,0.7369,0.7214,0.7329,1701.18,2019-12-05 05:00:00
1618,1575518400000,0.7225,0.734,0.7178,0.7225,12645.53,2019-12-05 04:00:00
1619,1575514800000,0.718,0.7213,0.7178,0.7213,2377.77,2019-12-05 03:00:00
1620,1575511200000,0.7208,0.7215,0.7194,0.7194,4665.74,2019-12-05 02:00:00
1621,1575507600000,0.7248,0.7248,0.7205,0.7205,324.92,2019-12-05 01:00:00
1622,1575504000000,0.7248,0.7248,0.7229,0.724,1372.41,2019-12-05 00:00:00
1623,1575500400000,0.726,0.7262,0.7223,0.7223,2470.61,2019-12-04 23:00:00
1624,1575496800000,0.7188,0.7262,0.7188,0.7241,3529.86,2019-12-04 22:00:00
1625,1575493200000,0.7223,0.728,0.7145,0.7188,12322.05,2019-12-04 21:00:00
1626,1575489600000,0.7435,0.744,0.715,0.7201,36115.62,2019-12-04 20:00:00
1627,1575486000000,0.7446,0.7461,0.741,0.7433,9082.52,2019-12-04 19:00:00
1628,1575482400000,0.7421,0.7446,0.7417,0.7442,2162.97,2019-12-04 18:00:00
1629,1575478800000,0.744,0.7466,0.743,0.7434,1009.6,2019-12-04 17:00:00
1630,1575475200000,0.7459,0.7499,0.7419,0.7442,5220.7,2019-12-04 16:00:00
1631,1575471600000,0.7435,0.7462,0.741,0.7459,2316.42,2019-12-04 15:00:00
1632,1575468000000,0.7506,0.7544,0.7382,0.7459,11568.38,2019-12-04 14:00:00
1633,1575464400000,0.7307,0.7721,0.7307,0.7504,33092.02,2019-12-04 13:00:00
1634,1575460800000,0.7279,0.7304,0.7277,0.7301,549.58,2019-12-04 12:00:00
1635,1575457200000,0.7309,0.7309,0.7266,0.7277,1644.3,2019-12-04 11:00:00
1636,1575453600000,0.7261,0.7299,0.7241,0.7299,2002.59,2019-12-04 10:00:00
1637,1575450000000,0.7238,0.7261,0.7231,0.7258,1732.29,2019-12-04 09:00:00
1638,1575446400000,0.7175,0.7255,0.7115,0.7255,5708.92,2019-12-04 08:00:00
1639,1575442800000,0.7181,0.719,0.715,0.7153,1842.96,2019-12-04 07:00:00
1640,1575439200000,0.7147,0.7194,0.7116,0.7184,12645.61,2019-12-04 06:00:00
1641,1575435600000,0.7159,0.7175,0.713,0.7151,1815.79,2019-12-04 05:00:00
1642,1575432000000,0.7173,0.7195,0.7158,0.7158,4849.97,2019-12-04 04:00:00
1643,1575428400000,0.7173,0.7212,0.7173,0.7212,143.8,2019-12-04 03:00:00
1644,1575424800000,0.7195,0.7199,0.7171,0.7173,6114.94,2019-12-04 02:00:00
1645,1575421200000,0.7205,0.7219,0.7173,0.7202,9829.39,2019-12-04 01:00:00
1646,1575417600000,0.7388,0.7388,0.7217,0.7217,32278.58,2019-12-04 00:00:00
1647,1575414000000,0.7429,0.7429,0.7427,0.7427,8.32,2019-12-03 23:00:00
1648,1575410400000,0.743,0.7444,0.7402,0.7444,186.98,2019-12-03 22:00:00
1649,1575406800000,0.739,0.7453,0.739,0.7453,2419.59,2019-12-03 21:00:00
1650,1575403200000,0.7369,0.7417,0.7356,0.7399,4724.45,2019-12-03 20:00:00
1651,1575399600000,0.7386,0.7417,0.737,0.7392,8340.85,2019-12-03 19:00:00
1652,1575396000000,0.7369,0.7396,0.7341,0.7389,3395.8,2019-12-03 18:00:00
1653,1575392400000,0.7351,0.7395,0.7338,0.7338,5928.59,2019-12-03 17:00:00
1654,1575388800000,0.7348,0.7368,0.734,0.7355,6025.75,2019-12-03 16:00:00
1655,1575385200000,0.7364,0.7364,0.7348,0.7348,427.06,2019-12-03 15:00:00
1656,1575381600000,0.7327,0.7393,0.7327,0.7388,7995.1,2019-12-03 14:00:00
1657,1575378000000,0.7323,0.7347,0.7323,0.7331,1310.32,2019-12-03 13:00:00
1658,1575374400000,0.7322,0.7513,0.7303,0.7309,14727.09,2019-12-03 12:00:00
1659,1575370800000,0.7317,0.7358,0.7277,0.728,6681.7,2019-12-03 11:00:00
1660,1575367200000,0.7273,0.7317,0.7273,0.7317,914.36,2019-12-03 10:00:00
1661,1575363600000,0.7372,0.738,0.7297,0.7307,5322.12,2019-12-03 09:00:00
1662,1575360000000,0.7348,0.7362,0.7348,0.7362,51.03,2019-12-03 08:00:00
1663,1575356400000,0.7356,0.7356,0.7356,0.7356,3.88,2019-12-03 07:00:00
1664,1575352800000,0.7356,0.7369,0.7351,0.7369,189.84,2019-12-03 06:00:00
1665,1575349200000,0.7378,0.7381,0.7322,0.7322,1033.27,2019-12-03 05:00:00
1666,1575345600000,0.7402,0.7409,0.7324,0.7351,3220.84,2019-12-03 04:00:00
1667,1575342000000,0.7381,0.7385,0.7355,0.7363,1661.73,2019-12-03 03:00:00
1668,1575338400000,0.7373,0.7373,0.7357,0.7357,371.12,2019-12-03 02:00:00
1669,1575334800000,0.7421,0.7421,0.7373,0.7373,3759.33,2019-12-03 01:00:00
1670,1575331200000,0.7384,0.7433,0.7384,0.743,1652.83,2019-12-03 00:00:00
1671,1575327600000,0.7376,0.7381,0.7343,0.7345,6101.81,2019-12-02 23:00:00
1672,1575324000000,0.7369,0.7403,0.7369,0.7403,289.04,2019-12-02 22:00:00
1673,1575320400000,0.7365,0.7368,0.7365,0.7368,134.63,2019-12-02 21:00:00
1674,1575316800000,0.7351,0.7369,0.7322,0.7369,281.54,2019-12-02 20:00:00
1675,1575313200000,0.7338,0.7338,0.7309,0.7309,615.37,2019-12-02 19:00:00
1676,1575309600000,0.7321,0.736,0.7311,0.736,3938.79,2019-12-02 18:00:00
1677,1575306000000,0.7375,0.7375,0.733,0.733,3355.99,2019-12-02 17:00:00
1678,1575302400000,0.7376,0.7431,0.7369,0.7379,3127.26,2019-12-02 16:00:00
1679,1575298800000,0.7358,0.7376,0.7332,0.7376,269.31,2019-12-02 15:00:00
1680,1575295200000,0.7321,0.7401,0.729,0.7332,3501.89,2019-12-02 14:00:00
1681,1575291600000,0.7334,0.7377,0.7334,0.7364,597.44,2019-12-02 13:00:00
1682,1575288000000,0.7302,0.7369,0.7286,0.7369,3382.76,2019-12-02 12:00:00
1683,1575284400000,0.7321,0.7321,0.7321,0.7321,68.29,2019-12-02 11:00:00
1684,1575280800000,0.7383,0.7437,0.7321,0.7321,2652.09,2019-12-02 10:00:00
1685,1575277200000,0.731,0.7405,0.7294,0.7373,5877.38,2019-12-02 09:00:00
1686,1575273600000,0.7313,0.7327,0.724,0.724,10471.45,2019-12-02 08:00:00
1687,1575270000000,0.7328,0.7351,0.7296,0.7351,1355.0,2019-12-02 07:00:00
1688,1575266400000,0.7363,0.7363,0.724,0.7334,9008.49,2019-12-02 06:00:00
1689,1575262800000,0.7464,0.7464,0.731,0.7354,15416.42,2019-12-02 05:00:00
1690,1575259200000,0.746,0.746,0.7417,0.7449,608.0,2019-12-02 04:00:00
1691,1575255600000,0.7486,0.7486,0.7428,0.7457,7331.29,2019-12-02 03:00:00
1692,1575252000000,0.7465,0.7483,0.7465,0.7482,5766.33,2019-12-02 02:00:00
1693,1575248400000,0.7465,0.7465,0.7436,0.7465,2719.53,2019-12-02 01:00:00
1694,1575244800000,0.7471,0.7475,0.7417,0.7417,1689.02,2019-12-02 00:00:00
1695,1575241200000,0.7483,0.7497,0.7471,0.7471,579.04,2019-12-01 23:00:00
1696,1575237600000,0.7535,0.7548,0.7441,0.7464,4269.34,2019-12-01 22:00:00
1697,1575234000000,0.7513,0.7523,0.7465,0.7523,1749.83,2019-12-01 21:00:00
1698,1575230400000,0.7511,0.7532,0.7511,0.7532,12285.95,2019-12-01 20:00:00
1699,1575226800000,0.7503,0.7503,0.7441,0.745,1620.31,2019-12-01 19:00:00
1700,1575223200000,0.7469,0.7529,0.7461,0.7478,17948.57,2019-12-01 18:00:00
1701,1575219600000,0.7467,0.7477,0.7441,0.7477,3583.11,2019-12-01 17:00:00
1702,1575216000000,0.7426,0.7478,0.741,0.7462,5505.56,2019-12-01 16:00:00
1703,1575212400000,0.756,0.756,0.7381,0.7429,15997.9,2019-12-01 15:00:00
1704,1575208800000,0.7679,0.7706,0.7561,0.7561,3985.47,2019-12-01 14:00:00
1705,1575205200000,0.7441,0.7656,0.7441,0.7623,11401.89,2019-12-01 13:00:00
1706,1575201600000,0.7393,0.7441,0.7349,0.7441,3104.86,2019-12-01 12:00:00
1707,1575198000000,0.7416,0.7434,0.739,0.739,2143.47,2019-12-01 11:00:00
1708,1575194400000,0.7363,0.7452,0.7352,0.744,3340.13,2019-12-01 10:00:00
1709,1575190800000,0.7368,0.7408,0.7289,0.7366,2210.18,2019-12-01 09:00:00
1710,1575187200000,0.7369,0.7369,0.7267,0.7369,20225.64,2019-12-01 08:00:00
1711,1575183600000,0.745,0.7471,0.7369,0.7369,12542.46,2019-12-01 07:00:00
1712,1575180000000,0.7315,0.7465,0.7307,0.7419,22939.14,2019-12-01 06:00:00
1713,1575176400000,0.7321,0.7356,0.7259,0.7259,1700.45,2019-12-01 05:00:00
1714,1575172800000,0.7321,0.7369,0.7289,0.7369,9606.21,2019-12-01 04:00:00
1715,1575169200000,0.7339,0.7348,0.7226,0.7301,26720.51,2019-12-01 03:00:00
1716,1575165600000,0.7428,0.7446,0.7321,0.7321,10908.85,2019-12-01 02:00:00
1717,1575162000000,0.7535,0.7549,0.7416,0.7432,10262.04,2019-12-01 01:00:00
1718,1575158400000,0.7612,0.7612,0.754,0.7568,7419.38,2019-12-01 00:00:00
1719,1575154800000,0.769,0.769,0.7669,0.7669,128.84,2019-11-30 23:00:00
1720,1575151200000,0.765,0.7667,0.7628,0.7667,954.24,2019-11-30 22:00:00
1721,1575147600000,0.7594,0.7638,0.7594,0.7638,16252.68,2019-11-30 21:00:00
1722,1575144000000,0.7572,0.7572,0.7561,0.7561,314.22,2019-11-30 20:00:00
1723,1575140400000,0.7561,0.7625,0.7561,0.7611,742.66,2019-11-30 19:00:00
1724,1575136800000,0.7577,0.7608,0.7562,0.7562,1284.39,2019-11-30 18:00:00
1725,1575133200000,0.7678,0.7678,0.755,0.7578,2786.34,2019-11-30 17:00:00
1726,1575129600000,0.7582,0.769,0.756,0.769,7490.99,2019-11-30 16:00:00
1727,1575126000000,0.7596,0.7646,0.7493,0.7582,31931.0,2019-11-30 15:00:00
1728,1575122400000,0.7738,0.7738,0.7582,0.7596,34146.03,2019-11-30 14:00:00
1729,1575118800000,0.7804,0.7804,0.767,0.776,30812.65,2019-11-30 13:00:00
1730,1575115200000,0.7852,0.7884,0.7801,0.7806,8865.41,2019-11-30 12:00:00
1731,1575111600000,0.786,0.7891,0.7829,0.7829,8021.99,2019-11-30 11:00:00
1732,1575108000000,0.7948,0.7984,0.7828,0.7874,4702.56,2019-11-30 10:00:00
1733,1575104400000,0.7913,0.7927,0.7861,0.7861,6958.03,2019-11-30 09:00:00
1734,1575100800000,0.7989,0.7989,0.7946,0.7946,514.88,2019-11-30 08:00:00
1735,1575097200000,0.7884,0.7916,0.7884,0.791,843.19,2019-11-30 07:00:00
1736,1575093600000,0.7952,0.7952,0.7884,0.7906,5349.28,2019-11-30 06:00:00
1737,1575090000000,0.7968,0.7978,0.795,0.7957,1649.1,2019-11-30 05:00:00
1738,1575086400000,0.7977,0.7984,0.7975,0.7975,590.17,2019-11-30 04:00:00
1739,1575082800000,0.8,0.8,0.7977,0.7977,337.11,2019-11-30 03:00:00
1740,1575079200000,0.8057,0.8057,0.7981,0.7981,1319.47,2019-11-30 02:00:00
1741,1575075600000,0.8028,0.807,0.8028,0.807,1448.77,2019-11-30 01:00:00
1742,1575072000000,0.8024,0.807,0.8024,0.8053,493.6,2019-11-30 00:00:00
1743,1575068400000,0.8003,0.8019,0.7976,0.8019,975.88,2019-11-29 23:00:00
1744,1575064800000,0.7979,0.7979,0.7979,0.7979,425.34,2019-11-29 22:00:00
1745,1575061200000,0.8029,0.8029,0.7972,0.798,2219.05,2019-11-29 21:00:00
1746,1575057600000,0.807,0.807,0.807,0.807,85.17,2019-11-29 20:00:00
1747,1575054000000,0.8042,0.8056,0.8025,0.8054,745.35,2019-11-29 19:00:00
1748,1575050400000,0.8063,0.8065,0.805,0.8057,88.74,2019-11-29 18:00:00
1749,1575046800000,0.8072,0.8073,0.8013,0.8072,8511.44,2019-11-29 17:00:00
1750,1575043200000,0.8188,0.8221,0.8037,0.8075,14517.03,2019-11-29 16:00:00
1751,1575039600000,0.8099,0.8207,0.8058,0.8201,11083.79,2019-11-29 15:00:00
1752,1575036000000,0.8001,0.8098,0.7991,0.8067,15963.17,2019-11-29 14:00:00
1753,1575032400000,0.793,0.8036,0.79,0.799,13225.18,2019-11-29 13:00:00
1754,1575028800000,0.78,0.7989,0.7747,0.7923,16011.17,2019-11-29 12:00:00
1755,1575025200000,0.7829,0.7847,0.78,0.7834,4067.93,2019-11-29 11:00:00
1756,1575021600000,0.7914,0.7951,0.7829,0.7829,7290.44,2019-11-29 10:00:00
1757,1575018000000,0.776,0.7902,0.776,0.7875,4909.39,2019-11-29 09:00:00
1758,1575014400000,0.7761,0.7778,0.7738,0.7778,6347.75,2019-11-29 08:00:00
1759,1575010800000,0.7773,0.78,0.7739,0.7797,6955.32,2019-11-29 07:00:00
1760,1575007200000,0.7798,0.7798,0.7756,0.7756,2658.19,2019-11-29 06:00:00
1761,1575003600000,0.7804,0.7804,0.777,0.7786,3181.89,2019-11-29 05:00:00
1762,1575000000000,0.7819,0.7819,0.7787,0.7787,1416.99,2019-11-29 04:00:00
1763,1574996400000,0.7802,0.7823,0.7792,0.7823,1907.28,2019-11-29 03:00:00
1764,1574992800000,0.7791,0.7794,0.776,0.7771,5091.37,2019-11-29 02:00:00
1765,1574989200000,0.7806,0.7824,0.7792,0.7796,6031.76,2019-11-29 01:00:00
1766,1574985600000,0.773,0.7836,0.773,0.7836,1957.04,2019-11-29 00:00:00
1767,1574982000000,0.774,0.7798,0.774,0.7762,2710.04,2019-11-28 23:00:00
1768,1574978400000,0.7901,0.7901,0.7727,0.7737,3265.32,2019-11-28 22:00:00
1769,1574974800000,0.7943,0.7971,0.7901,0.7901,2152.95,2019-11-28 21:00:00
1770,1574971200000,0.7967,0.7981,0.7925,0.7943,2253.14,2019-11-28 20:00:00
1771,1574967600000,0.7944,0.7989,0.7944,0.7989,2230.5,2019-11-28 19:00:00
1772,1574964000000,0.7952,0.7968,0.7928,0.7966,2442.37,2019-11-28 18:00:00
1773,1574960400000,0.7965,0.7981,0.7935,0.7981,2486.32,2019-11-28 17:00:00
1774,1574956800000,0.7862,0.7962,0.7848,0.7962,17043.99,2019-11-28 16:00:00
1775,1574953200000,0.7751,0.7914,0.7751,0.7871,28286.6,2019-11-28 15:00:00
1776,1574949600000,0.7704,0.7736,0.7668,0.7736,10427.52,2019-11-28 14:00:00
1777,1574946000000,0.7694,0.7706,0.766,0.7706,6757.33,2019-11-28 13:00:00
1778,1574942400000,0.7751,0.7751,0.7656,0.7675,4341.26,2019-11-28 12:00:00
1779,1574938800000,0.7796,0.7796,0.7704,0.7752,10651.31,2019-11-28 11:00:00
1780,1574935200000,0.7784,0.7784,0.7685,0.7752,6416.35,2019-11-28 10:00:00
1781,1574931600000,0.7752,0.7798,0.7725,0.7798,3503.11,2019-11-28 09:00:00
1782,1574928000000,0.7743,0.7744,0.7693,0.7724,3648.45,2019-11-28 08:00:00
1783,1574924400000,0.774,0.774,0.7721,0.7721,842.64,2019-11-28 07:00:00
1784,1574920800000,0.7635,0.7723,0.7623,0.7718,2899.46,2019-11-28 06:00:00
1785,1574917200000,0.7654,0.766,0.7605,0.7616,4252.18,2019-11-28 05:00:00
1786,1574913600000,0.7659,0.7678,0.7659,0.7678,99.41,2019-11-28 04:00:00
1787,1574910000000,0.772,0.772,0.7638,0.7668,6646.19,2019-11-28 03:00:00
1788,1574906400000,0.7686,0.7752,0.768,0.774,1488.09,2019-11-28 02:00:00
1789,1574902800000,0.7681,0.7736,0.7681,0.7719,18256.73,2019-11-28 01:00:00
1790,1574899200000,0.7624,0.7693,0.7624,0.7692,2944.58,2019-11-28 00:00:00
1791,1574895600000,0.7652,0.7686,0.7623,0.7623,1119.22,2019-11-27 23:00:00
1792,1574892000000,0.7638,0.7679,0.7613,0.7626,3319.05,2019-11-27 22:00:00
1793,1574888400000,0.7646,0.7646,0.7565,0.7637,13866.79,2019-11-27 21:00:00
1794,1574884800000,0.7755,0.78,0.7646,0.7646,20549.34,2019-11-27 20:00:00
1795,1574881200000,0.7729,0.7781,0.7729,0.7755,3353.31,2019-11-27 19:00:00
1796,1574877600000,0.7833,0.7874,0.7739,0.7756,3097.31,2019-11-27 18:00:00
1797,1574874000000,0.7784,0.784,0.7666,0.7825,28589.81,2019-11-27 17:00:00
1798,1574870400000,0.7719,0.784,0.7608,0.7795,13260.57,2019-11-27 16:00:00
1799,1574866800000,0.7617,0.7751,0.7588,0.7687,17253.87,2019-11-27 15:00:00
1800,1574863200000,0.775,0.7752,0.7577,0.7625,13074.78,2019-11-27 14:00:00
1801,1574859600000,0.7501,0.7741,0.7468,0.7741,24056.04,2019-11-27 13:00:00
1802,1574856000000,0.7516,0.7659,0.7465,0.7465,25125.46,2019-11-27 12:00:00
1803,1574852400000,0.7317,0.7551,0.7284,0.7487,13676.83,2019-11-27 11:00:00
1804,1574848800000,0.7243,0.7334,0.7202,0.7302,7986.97,2019-11-27 10:00:00
1805,1574845200000,0.7391,0.7391,0.7091,0.7243,36771.89,2019-11-27 09:00:00
1806,1574841600000,0.745,0.746,0.7411,0.7441,3339.85,2019-11-27 08:00:00
1807,1574838000000,0.7427,0.7465,0.742,0.7423,1670.06,2019-11-27 07:00:00
1808,1574834400000,0.7321,0.7423,0.7321,0.7408,6491.62,2019-11-27 06:00:00
1809,1574830800000,0.7407,0.7407,0.7333,0.7347,4704.7,2019-11-27 05:00:00
1810,1574827200000,0.7321,0.737,0.7273,0.737,9905.08,2019-11-27 04:00:00
1811,1574823600000,0.745,0.745,0.7337,0.7341,6707.91,2019-11-27 03:00:00
1812,1574820000000,0.7447,0.7495,0.7447,0.745,4167.34,2019-11-27 02:00:00
1813,1574816400000,0.7434,0.7475,0.7421,0.7439,13848.09,2019-11-27 01:00:00
1814,1574812800000,0.742,0.7433,0.7414,0.7433,1394.9,2019-11-27 00:00:00
1815,1574809200000,0.7417,0.7464,0.7416,0.7434,1614.15,2019-11-26 23:00:00
1816,1574805600000,0.739,0.7395,0.739,0.7395,159.29,2019-11-26 22:00:00
1817,1574802000000,0.738,0.7416,0.7345,0.7345,2867.91,2019-11-26 21:00:00
1818,1574798400000,0.7305,0.7373,0.7305,0.7373,1278.84,2019-11-26 20:00:00
1819,1574794800000,0.7344,0.7351,0.7344,0.7351,8.72,2019-11-26 19:00:00
1820,1574791200000,0.7347,0.7347,0.7299,0.7336,4595.45,2019-11-26 18:00:00
1821,1574787600000,0.7367,0.7367,0.7302,0.7302,248.96,2019-11-26 17:00:00
1822,1574784000000,0.7338,0.7381,0.7321,0.7344,4082.47,2019-11-26 16:00:00
1823,1574780400000,0.7316,0.7367,0.7313,0.7367,232.49,2019-11-26 15:00:00
1824,1574776800000,0.7211,0.7355,0.7199,0.734,4172.25,2019-11-26 14:00:00
1825,1574773200000,0.7317,0.7324,0.7199,0.7236,7517.08,2019-11-26 13:00:00
1826,1574769600000,0.739,0.7418,0.7282,0.7302,5647.45,2019-11-26 12:00:00
1827,1574766000000,0.7322,0.7412,0.7217,0.7412,16378.34,2019-11-26 11:00:00
1828,1574762400000,0.7367,0.7368,0.732,0.7341,4786.81,2019-11-26 10:00:00
1829,1574758800000,0.7354,0.7359,0.733,0.7344,1942.56,2019-11-26 09:00:00
1830,1574755200000,0.7375,0.7437,0.73,0.7332,7031.79,2019-11-26 08:00:00
1831,1574751600000,0.7373,0.7391,0.7316,0.7391,12480.03,2019-11-26 07:00:00
1832,1574748000000,0.7401,0.7478,0.7364,0.7367,12450.85,2019-11-26 06:00:00
1833,1574744400000,0.7384,0.7485,0.7353,0.7422,10089.26,2019-11-26 05:00:00
1834,1574740800000,0.7419,0.7437,0.7384,0.7399,7154.29,2019-11-26 04:00:00
1835,1574737200000,0.7309,0.742,0.7282,0.742,6778.08,2019-11-26 03:00:00
1836,1574733600000,0.7362,0.7387,0.73,0.7301,8564.0,2019-11-26 02:00:00
1837,1574730000000,0.7237,0.7307,0.7216,0.7307,5761.6,2019-11-26 01:00:00
1838,1574726400000,0.717,0.7263,0.717,0.7237,5962.76,2019-11-26 00:00:00
1839,1574722800000,0.7243,0.7271,0.7189,0.7202,11473.89,2019-11-25 23:00:00
1840,1574719200000,0.7303,0.7308,0.7257,0.7292,262.23,2019-11-25 22:00:00
1841,1574715600000,0.7269,0.7312,0.7231,0.7309,1499.39,2019-11-25 21:00:00
1842,1574712000000,0.7319,0.7358,0.7235,0.726,3159.37,2019-11-25 20:00:00
1843,1574708400000,0.7413,0.7421,0.7244,0.7315,24337.6,2019-11-25 19:00:00
1844,1574704800000,0.7444,0.7452,0.7348,0.7414,16445.22,2019-11-25 18:00:00
1845,1574701200000,0.7352,0.7446,0.7336,0.7443,16003.33,2019-11-25 17:00:00
1846,1574697600000,0.7533,0.7623,0.7371,0.7398,14496.0,2019-11-25 16:00:00
1847,1574694000000,0.7444,0.7533,0.7444,0.7533,3433.41,2019-11-25 15:00:00
1848,1574690400000,0.7332,0.7444,0.7332,0.74,35373.76,2019-11-25 14:00:00
1849,1574686800000,0.7474,0.7599,0.7294,0.7314,19872.18,2019-11-25 13:00:00
1850,1574683200000,0.725,0.7595,0.725,0.7444,41366.34,2019-11-25 12:00:00
1851,1574679600000,0.7392,0.7476,0.716,0.7218,32394.77,2019-11-25 11:00:00
1852,1574676000000,0.7065,0.7443,0.703,0.7349,35898.14,2019-11-25 10:00:00
1853,1574672400000,0.703,0.7147,0.7016,0.7093,20859.26,2019-11-25 09:00:00
1854,1574668800000,0.7006,0.703,0.6969,0.7027,2560.87,2019-11-25 08:00:00
1855,1574665200000,0.6925,0.7028,0.6925,0.7006,38963.18,2019-11-25 07:00:00
1856,1574661600000,0.67,0.6933,0.6648,0.6903,14452.32,2019-11-25 06:00:00
1857,1574658000000,0.6813,0.6869,0.6551,0.672,33346.55,2019-11-25 05:00:00
1858,1574654400000,0.7182,0.7182,0.6747,0.6897,69669.53,2019-11-25 04:00:00
1859,1574643600000,0.74,0.7464,0.7103,0.7171,13971.75,2019-11-25 01:00:00
1860,1574640000000,0.7336,0.7487,0.7234,0.7418,14698.6,2019-11-25 00:00:00
1861,1574636400000,0.7495,0.7522,0.7303,0.7344,11416.76,2019-11-24 23:00:00
1862,1574632800000,0.7577,0.7577,0.7488,0.753,5920.28,2019-11-24 22:00:00
1863,1574629200000,0.763,0.7665,0.7577,0.7581,1930.13,2019-11-24 21:00:00
1864,1574625600000,0.7578,0.7633,0.757,0.763,3213.02,2019-11-24 20:00:00
1865,1574622000000,0.766,0.7674,0.7577,0.7593,1997.04,2019-11-24 19:00:00
1866,1574618400000,0.7665,0.7685,0.766,0.767,1583.86,2019-11-24 18:00:00
1867,1574614800000,0.7519,0.77,0.7519,0.7675,6789.63,2019-11-24 17:00:00
1868,1574611200000,0.7391,0.7552,0.7244,0.7552,47249.27,2019-11-24 16:00:00
1869,1574607600000,0.7489,0.756,0.7361,0.7391,10911.04,2019-11-24 15:00:00
1870,1574604000000,0.7622,0.7666,0.7437,0.7528,14516.13,2019-11-24 14:00:00
1871,1574600400000,0.7674,0.768,0.7626,0.7636,5159.78,2019-11-24 13:00:00
1872,1574596800000,0.7729,0.7734,0.7654,0.7654,4069.97,2019-11-24 12:00:00
1873,1574593200000,0.7718,0.7829,0.7718,0.7764,22475.21,2019-11-24 11:00:00
1874,1574589600000,0.786,0.786,0.7666,0.7695,8072.42,2019-11-24 10:00:00
1875,1574586000000,0.7781,0.7858,0.7759,0.785,3358.43,2019-11-24 09:00:00
1876,1574582400000,0.776,0.7832,0.776,0.7802,864.93,2019-11-24 08:00:00
1877,1574578800000,0.779,0.7813,0.778,0.7792,4175.43,2019-11-24 07:00:00
1878,1574575200000,0.7793,0.7843,0.7793,0.7822,1952.67,2019-11-24 06:00:00
1879,1574571600000,0.7771,0.7782,0.773,0.7755,2215.39,2019-11-24 05:00:00
1880,1574568000000,0.7854,0.7854,0.7738,0.7771,16877.17,2019-11-24 04:00:00
1881,1574564400000,0.7892,0.7892,0.7809,0.7845,14110.46,2019-11-24 03:00:00
1882,1574560800000,0.7938,0.7954,0.789,0.7909,856.09,2019-11-24 02:00:00
1883,1574557200000,0.7978,0.7978,0.792,0.7936,229.86,2019-11-24 01:00:00
1884,1574553600000,0.808,0.812,0.7913,0.792,13485.28,2019-11-24 00:00:00
1885,1574550000000,0.8033,0.808,0.8029,0.808,853.28,2019-11-23 23:00:00
1886,1574546400000,0.7991,0.8041,0.7991,0.803,2033.06,2019-11-23 22:00:00
1887,1574542800000,0.8004,0.8004,0.7941,0.7974,831.81,2019-11-23 21:00:00
1888,1574539200000,0.7947,0.7996,0.7914,0.7965,1928.64,2019-11-23 20:00:00
1889,1574535600000,0.796,0.7961,0.796,0.7961,200.0,2019-11-23 19:00:00
1890,1574532000000,0.7991,0.8001,0.7937,0.8001,929.22,2019-11-23 18:00:00
1891,1574528400000,0.8056,0.8056,0.7935,0.797,6195.01,2019-11-23 17:00:00
1892,1574524800000,0.7921,0.8081,0.7921,0.804,2451.48,2019-11-23 16:00:00
1893,1574521200000,0.7898,0.8006,0.7852,0.7959,5672.01,2019-11-23 15:00:00
1894,1574517600000,0.7731,0.7944,0.7731,0.7898,18394.67,2019-11-23 14:00:00
1895,1574514000000,0.7621,0.7726,0.7621,0.7726,2754.98,2019-11-23 13:00:00
1896,1574510400000,0.7633,0.7652,0.7615,0.7632,1073.41,2019-11-23 12:00:00
1897,1574506800000,0.7614,0.7681,0.7614,0.7639,7528.33,2019-11-23 11:00:00
1898,1574503200000,0.76,0.7648,0.7574,0.7617,4365.88,2019-11-23 10:00:00
1899,1574499600000,0.7593,0.7621,0.7533,0.7619,18177.96,2019-11-23 09:00:00
1900,1574496000000,0.7696,0.7704,0.7679,0.7679,174.68,2019-11-23 08:00:00
1901,1574492400000,0.7693,0.7719,0.7693,0.7702,1003.72,2019-11-23 07:00:00
1902,1574488800000,0.7727,0.7743,0.7661,0.7693,7313.31,2019-11-23 06:00:00
1903,1574485200000,0.7721,0.7722,0.7705,0.7718,1673.14,2019-11-23 05:00:00
1904,1574481600000,0.7792,0.7808,0.7727,0.7727,1616.28,2019-11-23 04:00:00
1905,1574478000000,0.771,0.7787,0.7708,0.7775,1206.66,2019-11-23 03:00:00
1906,1574474400000,0.7684,0.7773,0.7684,0.7708,2737.02,2019-11-23 02:00:00
1907,1574470800000,0.7615,0.7684,0.759,0.7684,8180.68,2019-11-23 01:00:00
1908,1574467200000,0.7702,0.7727,0.7573,0.7625,14682.45,2019-11-23 00:00:00
1909,1574463600000,0.7702,0.7768,0.756,0.7768,9803.38,2019-11-22 23:00:00
1910,1574460000000,0.7821,0.788,0.7681,0.7704,5260.19,2019-11-22 22:00:00
1911,1574456400000,0.7775,0.7821,0.7666,0.7783,2207.63,2019-11-22 21:00:00
1912,1574452800000,0.7791,0.7923,0.7768,0.7802,4052.92,2019-11-22 20:00:00
1913,1574449200000,0.7738,0.7817,0.7681,0.7785,5316.03,2019-11-22 19:00:00
1914,1574445600000,0.7615,0.7712,0.7575,0.7711,6342.71,2019-11-22 18:00:00
1915,1574442000000,0.7618,0.7662,0.7571,0.7609,10727.6,2019-11-22 17:00:00
1916,1574438400000,0.7695,0.7785,0.7602,0.7617,11670.54,2019-11-22 16:00:00
1917,1574434800000,0.7605,0.7712,0.7591,0.7684,55509.34,2019-11-22 15:00:00
1918,1574431200000,0.7555,0.7619,0.72,0.76,88133.2,2019-11-22 14:00:00
1919,1574427600000,0.7853,0.7853,0.7536,0.757,20835.69,2019-11-22 13:00:00
1920,1574424000000,0.7797,0.7951,0.7796,0.7884,10141.01,2019-11-22 12:00:00
1921,1574420400000,0.7765,0.7964,0.7765,0.7797,16423.57,2019-11-22 11:00:00
1922,1574416800000,0.7844,0.8009,0.7421,0.7745,60820.51,2019-11-22 10:00:00
1923,1574413200000,0.8146,0.8146,0.7848,0.7885,20910.8,2019-11-22 09:00:00
1924,1574409600000,0.8133,0.8331,0.805,0.8123,26700.99,2019-11-22 08:00:00
1925,1574406000000,0.7916,0.8131,0.7869,0.8108,18683.17,2019-11-22 07:00:00
1926,1574402400000,0.8055,0.8092,0.7908,0.7938,13485.72,2019-11-22 06:00:00
1927,1574398800000,0.8188,0.8189,0.8072,0.8079,7083.61,2019-11-22 05:00:00
1928,1574395200000,0.8181,0.8211,0.8159,0.8188,13390.04,2019-11-22 04:00:00
1929,1574391600000,0.8294,0.8294,0.8179,0.8182,7102.18,2019-11-22 03:00:00
1930,1574388000000,0.8271,0.83,0.8247,0.8262,2230.56,2019-11-22 02:00:00
1931,1574384400000,0.824,0.83,0.8237,0.8268,23408.32,2019-11-22 01:00:00
1932,1574380800000,0.8217,0.8247,0.8207,0.8229,240.19,2019-11-22 00:00:00
1933,1574377200000,0.818,0.822,0.818,0.8217,1830.09,2019-11-21 23:00:00
1934,1574373600000,0.8182,0.8211,0.8181,0.8181,2491.2,2019-11-21 22:00:00
1935,1574370000000,0.8146,0.816,0.8112,0.8141,4146.77,2019-11-21 21:00:00
1936,1574366400000,0.8078,0.8173,0.8078,0.8101,4751.38,2019-11-21 20:00:00
1937,1574362800000,0.8105,0.8154,0.8083,0.8117,5760.59,2019-11-21 19:00:00
1938,1574359200000,0.8075,0.8109,0.8048,0.8048,9900.6,2019-11-21 18:00:00
1939,1574355600000,0.8209,0.8213,0.8075,0.8075,5618.75,2019-11-21 17:00:00
1940,1574352000000,0.816,0.8228,0.8154,0.8208,5794.12,2019-11-21 16:00:00
1941,1574348400000,0.812,0.8273,0.7766,0.816,64035.64,2019-11-21 15:00:00
1942,1574344800000,0.8412,0.8413,0.812,0.8132,32156.78,2019-11-21 14:00:00
1943,1574341200000,0.8424,0.8424,0.8394,0.8412,4636.96,2019-11-21 13:00:00
1944,1574337600000,0.8394,0.842,0.835,0.8412,3721.52,2019-11-21 12:00:00
1945,1574334000000,0.8459,0.8463,0.835,0.8402,9186.46,2019-11-21 11:00:00
1946,1574330400000,0.8488,0.8501,0.845,0.8473,6118.27,2019-11-21 10:00:00
1947,1574326800000,0.8671,0.8711,0.8484,0.8486,24914.48,2019-11-21 09:00:00
1948,1574323200000,0.8849,0.8849,0.8575,0.867,17023.63,2019-11-21 08:00:00
1949,1574319600000,0.8848,0.8848,0.8807,0.8807,452.53,2019-11-21 07:00:00
1950,1574316000000,0.886,0.8874,0.8826,0.8826,3133.1,2019-11-21 06:00:00
1951,1574312400000,0.8865,0.8879,0.8853,0.8874,349.4,2019-11-21 05:00:00
1952,1574308800000,0.8869,0.8869,0.8863,0.8865,597.75,2019-11-21 04:00:00
1953,1574305200000,0.8896,0.891,0.8851,0.891,776.65,2019-11-21 03:00:00
1954,1574301600000,0.8902,0.8902,0.8855,0.8855,694.3,2019-11-21 02:00:00
1955,1574298000000,0.8841,0.8879,0.8841,0.8879,4167.39,2019-11-21 01:00:00
1956,1574294400000,0.8864,0.8864,0.8804,0.8861,2484.48,2019-11-21 00:00:00
1957,1574290800000,0.8829,0.8878,0.8829,0.8878,405.61,2019-11-20 23:00:00
1958,1574287200000,0.8881,0.8901,0.8848,0.8848,2319.16,2019-11-20 22:00:00
1959,1574283600000,0.8848,0.8882,0.8827,0.8882,1644.51,2019-11-20 21:00:00
1960,1574280000000,0.8861,0.8887,0.8846,0.8846,6164.72,2019-11-20 20:00:00
1961,1574276400000,0.8918,0.8918,0.8858,0.8863,2376.49,2019-11-20 19:00:00
1962,1574272800000,0.9061,0.9117,0.8898,0.8934,14664.08,2019-11-20 18:00:00
1963,1574269200000,0.9026,0.9079,0.9001,0.9034,10704.88,2019-11-20 17:00:00
1964,1574265600000,0.9045,0.9066,0.8984,0.9016,2076.65,2019-11-20 16:00:00
1965,1574262000000,0.907,0.9079,0.8943,0.9009,7012.95,2019-11-20 15:00:00
1966,1574258400000,0.8949,0.9098,0.8949,0.9084,3683.58,2019-11-20 14:00:00
1967,1574254800000,0.8919,0.8955,0.8919,0.8922,756.82,2019-11-20 13:00:00
1968,1574251200000,0.8958,0.896,0.8897,0.8919,4793.44,2019-11-20 12:00:00
1969,1574247600000,0.8895,0.8964,0.8895,0.8949,1670.71,2019-11-20 11:00:00
1970,1574244000000,0.9056,0.9056,0.888,0.8895,12482.14,2019-11-20 10:00:00
1971,1574240400000,0.915,0.9176,0.9053,0.9055,26154.85,2019-11-20 09:00:00
1972,1574236800000,0.9182,0.9204,0.915,0.915,8411.84,2019-11-20 08:00:00
1973,1574233200000,0.9141,0.9182,0.9141,0.9159,3962.57,2019-11-20 07:00:00
1974,1574229600000,0.9068,0.9185,0.9068,0.915,6792.62,2019-11-20 06:00:00
1975,1574226000000,0.9,0.9067,0.8956,0.9067,9764.18,2019-11-20 05:00:00
1976,1574222400000,0.9046,0.9055,0.9,0.9,5832.77,2019-11-20 04:00:00
1977,1574218800000,0.9057,0.9062,0.9012,0.9012,2048.11,2019-11-20 03:00:00
1978,1574215200000,0.9002,0.9066,0.9002,0.9066,4849.63,2019-11-20 02:00:00
1979,1574211600000,0.8952,0.9024,0.8949,0.9002,8653.27,2019-11-20 01:00:00
1980,1574208000000,0.893,0.8946,0.8907,0.8945,4810.17,2019-11-20 00:00:00
1981,1574204400000,0.8957,0.8961,0.8917,0.8957,6725.21,2019-11-19 23:00:00
1982,1574200800000,0.8953,0.8968,0.8934,0.8956,4281.23,2019-11-19 22:00:00
1983,1574197200000,0.8955,0.8962,0.8902,0.8949,15957.64,2019-11-19 21:00:00
1984,1574193600000,0.9007,0.9007,0.8973,0.8991,2506.31,2019-11-19 20:00:00
1985,1574190000000,0.9022,0.9043,0.9007,0.9037,5032.99,2019-11-19 19:00:00
1986,1574186400000,0.8946,0.9007,0.8946,0.9003,4497.6,2019-11-19 18:00:00
1987,1574182800000,0.8956,0.8974,0.8859,0.8931,8845.1,2019-11-19 17:00:00
1988,1574179200000,0.8895,0.9053,0.8895,0.8972,31743.94,2019-11-19 16:00:00
1989,1574175600000,0.8894,0.892,0.8857,0.8917,2830.06,2019-11-19 15:00:00
1990,1574172000000,0.8842,0.8949,0.8839,0.886,9255.99,2019-11-19 14:00:00
1991,1574168400000,0.8748,0.8868,0.8686,0.8842,20378.43,2019-11-19 13:00:00
1992,1574164800000,0.8749,0.8952,0.8717,0.8772,25989.46,2019-11-19 12:00:00
1993,1574161200000,0.9051,0.9051,0.8741,0.8772,37973.35,2019-11-19 11:00:00
1994,1574157600000,0.908,0.908,0.906,0.9072,747.6,2019-11-19 10:00:00
1995,1574154000000,0.9127,0.9127,0.9055,0.9078,2349.36,2019-11-19 09:00:00
1996,1574150400000,0.8968,0.909,0.8967,0.909,28714.22,2019-11-19 08:00:00
1997,1574146800000,0.9077,0.9107,0.8969,0.899,21183.36,2019-11-19 07:00:00
1998,1574143200000,0.9116,0.9116,0.9008,0.9061,19066.83,2019-11-19 06:00:00
1999,1574139600000,0.9093,0.9175,0.9092,0.9116,27893.35,2019-11-19 05:00:00
2000,1574136000000,0.9108,0.9119,0.9075,0.9094,11313.88,2019-11-19 04:00:00
2001,1574132400000,0.9189,0.919,0.9059,0.907,16774.7,2019-11-19 03:00:00
2002,1574128800000,0.9251,0.9251,0.9207,0.921,3797.74,2019-11-19 02:00:00
2003,1574125200000,0.9203,0.9229,0.918,0.9225,16201.38,2019-11-19 01:00:00
2004,1574121600000,0.9386,0.9396,0.9062,0.9219,120644.64,2019-11-19 00:00:00
2005,1574118000000,0.9402,0.9452,0.9372,0.9387,8787.24,2019-11-18 23:00:00
2006,1574114400000,0.9381,0.944,0.9381,0.944,3166.95,2019-11-18 22:00:00
2007,1574110800000,0.9392,0.9439,0.938,0.9405,7141.64,2019-11-18 21:00:00
2008,1574107200000,0.938,0.9389,0.9309,0.9358,9187.24,2019-11-18 20:00:00
2009,1574103600000,0.9388,0.942,0.9325,0.938,20147.19,2019-11-18 19:00:00
2010,1574100000000,0.955,0.9578,0.9038,0.9365,75385.1,2019-11-18 18:00:00
2011,1574096400000,0.978,0.978,0.955,0.955,16851.53,2019-11-18 17:00:00
2012,1574092800000,0.9749,0.9799,0.9719,0.9787,8026.72,2019-11-18 16:00:00
2013,1574089200000,0.9864,0.9882,0.9749,0.9749,8447.09,2019-11-18 15:00:00
2014,1574085600000,0.9879,0.9957,0.9878,0.9933,13405.11,2019-11-18 14:00:00
2015,1574082000000,0.9837,0.9932,0.9786,0.9866,53434.37,2019-11-18 13:00:00
2016,1574078400000,0.9972,0.9972,0.9759,0.9837,68126.93,2019-11-18 12:00:00
2017,1574074800000,1.0001,1.0071,0.9972,0.9973,15141.82,2019-11-18 11:00:00
2018,1574071200000,1.0045,1.0054,1.0003,1.0003,2840.6,2019-11-18 10:00:00
2019,1574067600000,1.0117,1.0117,1.0048,1.0048,5286.62,2019-11-18 09:00:00
2020,1574064000000,1.0066,1.0169,1.0056,1.0133,3901.27,2019-11-18 08:00:00
2021,1574060400000,1.0054,1.0082,1.0036,1.0066,7845.59,2019-11-18 07:00:00
2022,1574056800000,1.0096,1.0128,1.0049,1.0057,4703.0,2019-11-18 06:00:00
2023,1574053200000,1.0139,1.0139,1.0086,1.01,1400.0,2019-11-18 05:00:00
2024,1574049600000,1.0137,1.016,1.0108,1.0123,1959.49,2019-11-18 04:00:00
2025,1574046000000,1.0086,1.0159,1.0086,1.0137,3583.46,2019-11-18 03:00:00
2026,1574042400000,1.0196,1.0196,1.0097,1.0097,2609.76,2019-11-18 02:00:00
2027,1574038800000,1.0206,1.0206,1.0163,1.0197,543.96,2019-11-18 01:00:00
2028,1574035200000,1.018,1.0259,1.013,1.0259,2851.14,2019-11-18 00:00:00
2029,1574031600000,1.0304,1.0323,1.0208,1.0248,2948.84,2019-11-17 23:00:00
2030,1574028000000,1.0403,1.0411,1.0313,1.0327,3339.44,2019-11-17 22:00:00
2031,1574024400000,1.0255,1.0415,1.0255,1.0376,7270.15,2019-11-17 21:00:00
2032,1574020800000,1.0282,1.035,1.0223,1.0235,2819.71,2019-11-17 20:00:00
2033,1574017200000,1.03,1.0324,1.0193,1.0225,2494.54,2019-11-17 19:00:00
2034,1574013600000,1.0352,1.0352,1.029,1.033,7615.59,2019-11-17 18:00:00
2035,1574010000000,1.009,1.04,1.009,1.0352,16813.9,2019-11-17 17:00:00
2036,1574006400000,1.0145,1.0157,1.0074,1.0074,6576.83,2019-11-17 16:00:00
2037,1574002800000,1.0187,1.0192,1.0132,1.0144,4077.37,2019-11-17 15:00:00
2038,1573999200000,1.0263,1.0263,1.0142,1.0189,10771.62,2019-11-17 14:00:00
2039,1573995600000,1.0301,1.0326,1.0236,1.0257,3799.95,2019-11-17 13:00:00
2040,1573992000000,1.0274,1.0309,1.0257,1.0278,5920.15,2019-11-17 12:00:00
2041,1573988400000,1.0193,1.0282,1.0193,1.0259,3459.96,2019-11-17 11:00:00
2042,1573984800000,1.0149,1.0228,1.0139,1.0228,4283.82,2019-11-17 10:00:00
2043,1573981200000,1.0236,1.0264,1.0098,1.0196,9614.89,2019-11-17 09:00:00
2044,1573977600000,0.9943,1.0241,0.9867,1.019,39895.85,2019-11-17 08:00:00
2045,1573974000000,1.0193,1.0193,0.9897,0.9915,28835.59,2019-11-17 07:00:00
2046,1573970400000,1.0261,1.0261,1.0192,1.0218,1436.31,2019-11-17 06:00:00
2047,1573966800000,1.0187,1.0282,1.0185,1.0261,21616.0,2019-11-17 05:00:00
2048,1573963200000,1.0143,1.016,1.0041,1.016,21828.29,2019-11-17 04:00:00
2049,1573959600000,1.0253,1.0253,1.0018,1.014,11185.77,2019-11-17 03:00:00
2050,1573956000000,1.0234,1.0267,1.022,1.0254,2218.82,2019-11-17 02:00:00
2051,1573952400000,1.0253,1.0288,1.02,1.0208,19138.29,2019-11-17 01:00:00
2052,1573948800000,1.0423,1.0441,1.0254,1.0275,22864.89,2019-11-17 00:00:00
2053,1573945200000,1.0463,1.0463,1.042,1.045,1112.08,2019-11-16 23:00:00
2054,1573941600000,1.0467,1.0491,1.0445,1.0455,1823.65,2019-11-16 22:00:00
2055,1573938000000,1.0475,1.049,1.0445,1.0446,1168.18,2019-11-16 21:00:00
2056,1573934400000,1.0445,1.0499,1.0438,1.0438,738.1,2019-11-16 20:00:00
2057,1573930800000,1.046,1.0513,1.0428,1.0454,7697.3,2019-11-16 19:00:00
2058,1573927200000,1.042,1.0464,1.042,1.0464,1737.87,2019-11-16 18:00:00
2059,1573923600000,1.0482,1.0494,1.0413,1.0439,5582.22,2019-11-16 17:00:00
2060,1573920000000,1.0512,1.0533,1.0485,1.0512,3773.96,2019-11-16 16:00:00
2061,1573916400000,1.0671,1.0671,1.0482,1.0512,25695.07,2019-11-16 15:00:00
2062,1573912800000,1.0627,1.069,1.0565,1.0674,33448.56,2019-11-16 14:00:00
2063,1573909200000,1.0603,1.0627,1.06,1.0627,13467.54,2019-11-16 13:00:00
2064,1573905600000,1.0548,1.0621,1.0547,1.0603,16490.25,2019-11-16 12:00:00
2065,1573902000000,1.0677,1.0714,1.0496,1.0557,22628.27,2019-11-16 11:00:00
2066,1573898400000,1.0554,1.0779,1.0533,1.0676,72582.35,2019-11-16 10:00:00
2067,1573894800000,1.049,1.0558,1.047,1.0538,10234.5,2019-11-16 09:00:00
2068,1573891200000,1.0567,1.0586,1.0455,1.049,13814.96,2019-11-16 08:00:00
2069,1573887600000,1.0419,1.0611,1.0407,1.0566,22478.89,2019-11-16 07:00:00
2070,1573884000000,1.0388,1.044,1.0353,1.0418,3348.95,2019-11-16 06:00:00
2071,1573880400000,1.0353,1.0406,1.0353,1.0389,4455.17,2019-11-16 05:00:00
2072,1573876800000,1.0378,1.0394,1.0344,1.0363,2203.25,2019-11-16 04:00:00
2073,1573873200000,1.0461,1.049,1.03,1.032,14605.23,2019-11-16 03:00:00
2074,1573869600000,1.0384,1.06,1.0354,1.0461,41561.05,2019-11-16 02:00:00
2075,1573866000000,1.0113,1.053,1.0094,1.039,47264.47,2019-11-16 01:00:00
2076,1573862400000,1.0073,1.0148,0.9939,1.0144,29861.98,2019-11-16 00:00:00
2077,1573858800000,1.0139,1.0155,1.0048,1.0067,3150.09,2019-11-15 23:00:00
2078,1573855200000,1.0155,1.0178,1.007,1.0127,10193.09,2019-11-15 22:00:00
2079,1573851600000,1.0192,1.0192,1.0107,1.0107,13404.52,2019-11-15 21:00:00
2080,1573848000000,1.0204,1.0222,1.0164,1.02,5850.53,2019-11-15 20:00:00
2081,1573844400000,1.017,1.0212,1.0161,1.0184,2182.12,2019-11-15 19:00:00
2082,1573840800000,1.0185,1.0185,1.0134,1.0168,11485.91,2019-11-15 18:00:00
2083,1573837200000,1.0076,1.0184,1.0075,1.0138,5708.81,2019-11-15 17:00:00
2084,1573833600000,1.007,1.0133,1.0001,1.0066,10196.54,2019-11-15 16:00:00
2085,1573830000000,1.0021,1.0147,0.9973,1.007,37733.81,2019-11-15 15:00:00
2086,1573826400000,1.0388,1.1199,0.94,1.0021,250478.38,2019-11-15 14:00:00
2087,1573822800000,1.0631,1.0819,1.038,1.0407,94963.58,2019-11-15 13:00:00
2088,1573819200000,1.0199,1.072,1.0198,1.0626,114978.99,2019-11-15 12:00:00
2089,1573815600000,1.0106,1.0237,1.0106,1.0199,21741.74,2019-11-15 11:00:00
2090,1573812000000,1.0137,1.0195,1.0065,1.01,33058.47,2019-11-15 10:00:00
2091,1573808400000,1.0124,1.0261,1.0103,1.014,25069.31,2019-11-15 09:00:00
2092,1573804800000,0.998,1.01,0.9971,1.0086,14844.0,2019-11-15 08:00:00
2093,1573801200000,1.0042,1.0053,0.9989,0.9989,4099.17,2019-11-15 07:00:00
2094,1573797600000,0.9919,1.0075,0.9919,1.0074,6286.8,2019-11-15 06:00:00
2095,1573794000000,0.9935,0.9958,0.9902,0.9919,5317.78,2019-11-15 05:00:00
2096,1573790400000,0.9916,0.9954,0.9901,0.991,6667.31,2019-11-15 04:00:00
2097,1573786800000,0.9861,0.9948,0.9859,0.9948,7644.98,2019-11-15 03:00:00
2098,1573783200000,0.9895,0.9926,0.9856,0.9856,16007.33,2019-11-15 02:00:00
2099,1573779600000,1.0027,1.0027,0.9895,0.9896,43719.91,2019-11-15 01:00:00
2100,1573776000000,1.015,1.0198,1.0043,1.0057,15910.32,2019-11-15 00:00:00
2101,1573772400000,1.0233,1.026,1.0108,1.0127,11329.58,2019-11-14 23:00:00
2102,1573768800000,1.0307,1.0308,1.0173,1.0212,6878.32,2019-11-14 22:00:00
2103,1573765200000,1.021,1.0386,1.0208,1.0308,36623.71,2019-11-14 21:00:00
2104,1573761600000,1.0101,1.018,1.0048,1.018,16624.55,2019-11-14 20:00:00
2105,1573758000000,1.02,1.023,1.0095,1.0101,25622.45,2019-11-14 19:00:00
2106,1573754400000,0.9916,1.02,0.9916,1.02,35342.37,2019-11-14 18:00:00
2107,1573750800000,0.9912,0.9964,0.9856,0.9916,8518.33,2019-11-14 17:00:00
2108,1573747200000,0.9785,0.9906,0.9785,0.9906,8618.81,2019-11-14 16:00:00
2109,1573743600000,0.9862,0.99,0.9785,0.9815,13367.67,2019-11-14 15:00:00
2110,1573740000000,0.9866,0.995,0.983,0.9907,22487.84,2019-11-14 14:00:00
2111,1573736400000,0.9657,0.9854,0.9657,0.9821,4225.81,2019-11-14 13:00:00
2112,1573732800000,0.9563,0.966,0.9563,0.966,19959.81,2019-11-14 12:00:00
2113,1573729200000,0.9585,0.9585,0.9512,0.9571,2439.44,2019-11-14 11:00:00
2114,1573725600000,0.961,0.9622,0.9589,0.9599,2924.22,2019-11-14 10:00:00
2115,1573722000000,0.9586,0.9635,0.9582,0.9617,1411.62,2019-11-14 09:00:00
2116,1573718400000,0.9658,0.972,0.9514,0.9592,16741.12,2019-11-14 08:00:00
2117,1573714800000,0.97,0.9706,0.9658,0.9658,700.34,2019-11-14 07:00:00
2118,1573711200000,0.9699,0.9753,0.9671,0.9675,1200.93,2019-11-14 06:00:00
2119,1573707600000,0.9681,0.9713,0.9649,0.9705,2450.12,2019-11-14 05:00:00
2120,1573704000000,0.9884,0.9884,0.9648,0.9725,16431.32,2019-11-14 04:00:00
2121,1573700400000,0.9845,0.9884,0.9825,0.9884,1856.57,2019-11-14 03:00:00
2122,1573696800000,0.9813,0.9857,0.9809,0.985,5460.86,2019-11-14 02:00:00
2123,1573693200000,0.9825,0.989,0.9816,0.9856,6446.04,2019-11-14 01:00:00
2124,1573689600000,0.98,0.9855,0.9794,0.9794,4000.55,2019-11-14 00:00:00
2125,1573686000000,0.982,0.9857,0.9785,0.9799,8917.92,2019-11-13 23:00:00
2126,1573682400000,0.9867,0.9886,0.9813,0.9813,2661.51,2019-11-13 22:00:00
2127,1573678800000,0.9935,0.9947,0.9838,0.984,9577.16,2019-11-13 21:00:00
2128,1573675200000,0.9993,0.9993,0.9925,0.9941,7456.32,2019-11-13 20:00:00
2129,1573671600000,0.9932,0.9989,0.9907,0.9989,8284.48,2019-11-13 19:00:00
2130,1573668000000,0.9913,0.9951,0.9899,0.9932,4429.59,2019-11-13 18:00:00
2131,1573664400000,0.991,0.994,0.9886,0.991,15300.21,2019-11-13 17:00:00
2132,1573660800000,0.9939,0.999,0.988,0.988,64235.09,2019-11-13 16:00:00
2133,1573657200000,0.9818,0.9939,0.9815,0.9904,17471.19,2019-11-13 15:00:00
2134,1573653600000,0.982,0.9845,0.9777,0.9788,13416.31,2019-11-13 14:00:00
2135,1573650000000,0.9678,0.9862,0.967,0.985,7972.08,2019-11-13 13:00:00
2136,1573646400000,0.9738,0.975,0.9699,0.9744,2661.09,2019-11-13 12:00:00
2137,1573642800000,0.9773,0.9773,0.9714,0.9749,9417.61,2019-11-13 11:00:00
2138,1573639200000,0.9781,0.9863,0.9752,0.9756,25592.76,2019-11-13 10:00:00
2139,1573635600000,0.9776,0.9779,0.9671,0.9761,27903.01,2019-11-13 09:00:00
2140,1573632000000,0.9554,0.978,0.9541,0.9776,37987.01,2019-11-13 08:00:00
2141,1573628400000,0.955,0.956,0.953,0.956,1419.46,2019-11-13 07:00:00
2142,1573624800000,0.9506,0.9538,0.9494,0.9537,3023.74,2019-11-13 06:00:00
2143,1573621200000,0.9529,0.9531,0.9507,0.9525,1400.77,2019-11-13 05:00:00
2144,1573617600000,0.9579,0.9612,0.9509,0.9532,792.93,2019-11-13 04:00:00
2145,1573606800000,0.9678,0.9678,0.9578,0.9578,5690.57,2019-11-13 01:00:00
2146,1573603200000,0.965,0.968,0.963,0.9664,1965.93,2019-11-13 00:00:00
2147,1573599600000,0.9589,0.963,0.9589,0.963,3804.74,2019-11-12 23:00:00
2148,1573596000000,0.9615,0.9615,0.9614,0.9615,624.28,2019-11-12 22:00:00
2149,1573592400000,0.9594,0.9611,0.9574,0.9577,974.05,2019-11-12 21:00:00
2150,1573588800000,0.9589,0.9616,0.9569,0.9575,3686.33,2019-11-12 20:00:00
2151,1573585200000,0.9577,0.9593,0.9558,0.9589,5583.33,2019-11-12 19:00:00
2152,1573581600000,0.9596,0.9605,0.9535,0.9566,3437.71,2019-11-12 18:00:00
2153,1573578000000,0.9598,0.9603,0.9534,0.9603,3201.82,2019-11-12 17:00:00
2154,1573574400000,0.957,0.96,0.9488,0.9556,13064.91,2019-11-12 16:00:00
2155,1573570800000,0.9489,0.957,0.9469,0.957,9858.85,2019-11-12 15:00:00
2156,1573567200000,0.9595,0.9674,0.9406,0.9489,66024.98,2019-11-12 14:00:00
2157,1573563600000,0.9718,0.9731,0.9623,0.9634,5897.19,2019-11-12 13:00:00
2158,1573560000000,0.9785,1.049,0.9627,0.9723,127295.92,2019-11-12 12:00:00
2159,1573556400000,0.9492,0.9798,0.9431,0.9745,30028.46,2019-11-12 11:00:00
2160,1573552800000,0.946,0.9494,0.946,0.946,1553.24,2019-11-12 10:00:00
2161,1573549200000,0.9501,0.9512,0.9458,0.946,2988.27,2019-11-12 09:00:00
2162,1573545600000,0.9516,0.9525,0.9485,0.9509,2963.74,2019-11-12 08:00:00
2163,1573542000000,0.9539,0.954,0.9516,0.954,2321.93,2019-11-12 07:00:00
2164,1573538400000,0.9525,0.9535,0.9511,0.9516,3049.71,2019-11-12 06:00:00
2165,1573534800000,0.9514,0.9556,0.9503,0.9503,3155.67,2019-11-12 05:00:00
2166,1573531200000,0.9522,0.953,0.9499,0.9499,423.46,2019-11-12 04:00:00
2167,1573527600000,0.9555,0.9555,0.9472,0.9522,7166.69,2019-11-12 03:00:00
2168,1573524000000,0.9523,0.9556,0.9501,0.9556,1590.16,2019-11-12 02:00:00
2169,1573520400000,0.9529,0.9532,0.9498,0.9498,2335.97,2019-11-12 01:00:00
2170,1573516800000,0.9491,0.9525,0.949,0.9525,4067.02,2019-11-12 00:00:00
2171,1573513200000,0.9508,0.9516,0.9484,0.9516,4002.01,2019-11-11 23:00:00
2172,1573509600000,0.9522,0.9533,0.9496,0.952,4944.51,2019-11-11 22:00:00
2173,1573506000000,0.9495,0.9525,0.9495,0.9525,3826.35,2019-11-11 21:00:00
2174,1573502400000,0.9495,0.9527,0.9477,0.9497,3755.85,2019-11-11 20:00:00
2175,1573498800000,0.9536,0.9536,0.9492,0.9495,3533.16,2019-11-11 19:00:00
2176,1573495200000,0.9483,0.9553,0.9481,0.9536,8658.14,2019-11-11 18:00:00
2177,1573491600000,0.9495,0.9512,0.9465,0.9483,6779.06,2019-11-11 17:00:00
2178,1573488000000,0.9477,0.9521,0.9458,0.9458,2220.29,2019-11-11 16:00:00
2179,1573484400000,0.9573,0.9573,0.946,0.9472,9290.5,2019-11-11 15:00:00
2180,1573480800000,0.9451,0.9577,0.9451,0.9577,11958.99,2019-11-11 14:00:00
2181,1573477200000,0.9439,0.9478,0.9438,0.9478,9300.73,2019-11-11 13:00:00
2182,1573473600000,0.9404,0.9463,0.94,0.9462,10483.35,2019-11-11 12:00:00
2183,1573470000000,0.933,0.9438,0.9317,0.9407,9600.41,2019-11-11 11:00:00
2184,1573466400000,0.9257,0.9341,0.9216,0.9288,27764.74,2019-11-11 10:00:00
2185,1573462800000,0.9525,0.9546,0.9249,0.9282,38061.15,2019-11-11 09:00:00
2186,1573459200000,0.9727,0.9727,0.9521,0.9527,20132.48,2019-11-11 08:00:00
2187,1573455600000,0.965,0.973,0.9633,0.973,10693.19,2019-11-11 07:00:00
2188,1573452000000,0.979,0.979,0.9632,0.965,20355.28,2019-11-11 06:00:00
2189,1573448400000,0.9838,0.9863,0.9738,0.979,2303.2,2019-11-11 05:00:00
2190,1573444800000,0.9867,0.9923,0.98,0.9848,20858.42,2019-11-11 04:00:00
2191,1573441200000,0.9988,0.9988,0.987,0.987,8301.35,2019-11-11 03:00:00
2192,1573437600000,1.0019,1.0023,0.9998,1.0023,656.38,2019-11-11 02:00:00
2193,1573434000000,1.0065,1.0065,1.0017,1.0017,2634.02,2019-11-11 01:00:00
2194,1573430400000,1.0069,1.008,1.0036,1.0036,1325.63,2019-11-11 00:00:00
2195,1573426800000,1.0125,1.0125,1.0042,1.0064,1435.31,2019-11-10 23:00:00
2196,1573423200000,1.011,1.0125,1.0071,1.0075,5021.32,2019-11-10 22:00:00
2197,1573419600000,1.01,1.0116,1.0073,1.0076,5447.37,2019-11-10 21:00:00
2198,1573416000000,1.0129,1.0146,1.0072,1.0072,5177.44,2019-11-10 20:00:00
2199,1573412400000,1.0118,1.0132,1.0071,1.0082,833.91,2019-11-10 19:00:00
2200,1573408800000,1.0049,1.014,1.0041,1.0108,9329.84,2019-11-10 18:00:00
2201,1573405200000,0.9991,1.02,0.9991,1.0051,13540.19,2019-11-10 17:00:00
2202,1573401600000,0.9779,1.0283,0.9633,0.9981,93169.57,2019-11-10 16:00:00
2203,1573398000000,0.9768,0.9817,0.9768,0.9798,4755.78,2019-11-10 15:00:00
2204,1573394400000,0.9719,0.978,0.971,0.9768,3242.89,2019-11-10 14:00:00
2205,1573390800000,0.9752,0.98,0.9702,0.9732,14277.75,2019-11-10 13:00:00
2206,1573387200000,0.9706,0.9807,0.9706,0.9733,9447.86,2019-11-10 12:00:00
2207,1573383600000,0.9707,0.9715,0.9666,0.9666,7260.01,2019-11-10 11:00:00
2208,1573380000000,0.9644,0.9712,0.9644,0.9712,456.97,2019-11-10 10:00:00
2209,1573376400000,0.9649,0.9649,0.9644,0.9644,232.07,2019-11-10 09:00:00
2210,1573372800000,0.9716,0.9716,0.9615,0.9632,5848.36,2019-11-10 08:00:00
2211,1573369200000,0.9747,0.9747,0.9685,0.9707,741.92,2019-11-10 07:00:00
2212,1573365600000,0.9676,0.972,0.9636,0.972,11094.66,2019-11-10 06:00:00
2213,1573362000000,0.9531,0.9642,0.9529,0.964,1274.86,2019-11-10 05:00:00
2214,1573358400000,0.9534,0.9534,0.949,0.9534,156.99,2019-11-10 04:00:00
2215,1573354800000,0.9487,0.953,0.9487,0.953,473.33,2019-11-10 03:00:00
2216,1573351200000,0.954,0.954,0.9479,0.9502,1290.86,2019-11-10 02:00:00
2217,1573347600000,0.9581,0.9581,0.9548,0.9561,537.36,2019-11-10 01:00:00
2218,1573344000000,0.9635,0.9635,0.9567,0.957,941.16,2019-11-10 00:00:00
2219,1573340400000,0.9622,0.9653,0.9622,0.9622,555.69,2019-11-09 23:00:00
2220,1573336800000,0.96,0.9628,0.9576,0.9628,6816.69,2019-11-09 22:00:00
2221,1573333200000,0.955,0.9612,0.955,0.96,986.23,2019-11-09 21:00:00
2222,1573329600000,0.9506,0.9597,0.9506,0.9567,10367.8,2019-11-09 20:00:00
2223,1573326000000,0.9525,0.9546,0.9506,0.9506,1201.91,2019-11-09 19:00:00
2224,1573322400000,0.9516,0.9544,0.9516,0.9544,1363.35,2019-11-09 18:00:00
2225,1573318800000,0.9436,0.9549,0.9432,0.9549,11417.83,2019-11-09 17:00:00
2226,1573315200000,0.955,0.956,0.9422,0.948,3269.23,2019-11-09 16:00:00
2227,1573311600000,0.9549,0.9554,0.9512,0.955,991.06,2019-11-09 15:00:00
2228,1573308000000,0.9622,0.9637,0.9563,0.9587,9338.54,2019-11-09 14:00:00
2229,1573304400000,0.957,0.9622,0.957,0.9606,606.11,2019-11-09 13:00:00
2230,1573300800000,0.9579,0.959,0.9563,0.9579,612.54,2019-11-09 12:00:00
2231,1573297200000,0.9691,0.9691,0.9511,0.952,8935.61,2019-11-09 11:00:00
2232,1573293600000,0.9701,0.9702,0.9667,0.9667,109.61,2019-11-09 10:00:00
2233,1573290000000,0.9647,0.9696,0.9622,0.9696,4789.23,2019-11-09 09:00:00
2234,1573286400000,0.9641,0.9642,0.9617,0.9619,821.0,2019-11-09 08:00:00
2235,1573282800000,0.9575,0.9641,0.9575,0.9641,570.44,2019-11-09 07:00:00
2236,1573279200000,0.9556,0.9598,0.9539,0.9576,3055.92,2019-11-09 06:00:00
2237,1573275600000,0.9536,0.956,0.9516,0.9556,1089.04,2019-11-09 05:00:00
2238,1573272000000,0.9534,0.9535,0.953,0.9534,17.55,2019-11-09 04:00:00
2239,1573268400000,0.9536,0.9542,0.9533,0.9542,16.73,2019-11-09 03:00:00
2240,1573264800000,0.9513,0.9542,0.9492,0.9509,2424.92,2019-11-09 02:00:00
2241,1573261200000,0.9524,0.9555,0.9434,0.9489,9542.84,2019-11-09 01:00:00
2242,1573257600000,0.9575,0.9575,0.9438,0.955,3463.88,2019-11-09 00:00:00
2243,1573254000000,0.9576,0.9675,0.9493,0.9574,55300.2,2019-11-08 23:00:00
2244,1573250400000,0.968,0.968,0.956,0.956,3798.57,2019-11-08 22:00:00
2245,1573246800000,0.9595,0.9712,0.9595,0.9698,2090.39,2019-11-08 21:00:00
2246,1573243200000,0.9614,0.9624,0.9614,0.962,185.49,2019-11-08 20:00:00
2247,1573239600000,0.9556,0.9599,0.9527,0.9599,1347.58,2019-11-08 19:00:00
2248,1573236000000,0.9478,0.9558,0.9478,0.9498,3040.27,2019-11-08 18:00:00
2249,1573232400000,0.9514,0.9584,0.9469,0.9469,1137.27,2019-11-08 17:00:00
2250,1573228800000,0.9418,0.9564,0.9349,0.9564,14242.47,2019-11-08 16:00:00
2251,1573225200000,0.9307,0.9413,0.9301,0.9413,18755.58,2019-11-08 15:00:00
2252,1573221600000,0.9449,0.9496,0.925,0.9321,45139.31,2019-11-08 14:00:00
2253,1573218000000,0.9582,0.967,0.9374,0.9405,22283.15,2019-11-08 13:00:00
2254,1573214400000,0.9703,0.9707,0.9574,0.9632,13052.18,2019-11-08 12:00:00
2255,1573210800000,0.9736,0.9779,0.9686,0.9695,2573.67,2019-11-08 11:00:00
2256,1573207200000,0.9775,0.9785,0.9731,0.9739,5915.63,2019-11-08 10:00:00
2257,1573203600000,0.972,0.9776,0.9703,0.9776,7284.8,2019-11-08 09:00:00
2258,1573200000000,0.9829,0.9829,0.9671,0.972,19173.95,2019-11-08 08:00:00
2259,1573196400000,0.9982,0.9982,0.9778,0.9778,5917.4,2019-11-08 07:00:00
2260,1573192800000,0.991,0.9987,0.9904,0.9982,3565.56,2019-11-08 06:00:00
2261,1573189200000,0.9934,0.9946,0.9906,0.9924,1744.8,2019-11-08 05:00:00
2262,1573185600000,1.0005,1.0005,0.9927,0.9934,2980.19,2019-11-08 04:00:00
2263,1573182000000,1.0019,1.0055,1.0019,1.0055,1485.58,2019-11-08 03:00:00
2264,1573178400000,0.9946,1.0019,0.9946,0.9958,887.39,2019-11-08 02:00:00
2265,1573174800000,0.9975,0.9987,0.9943,0.9943,3026.37,2019-11-08 01:00:00
2266,1573171200000,0.9953,0.9994,0.9928,0.9958,2660.77,2019-11-08 00:00:00
2267,1573167600000,0.997,1.0006,0.993,0.9955,10560.86,2019-11-07 23:00:00
2268,1573164000000,0.9902,0.9966,0.9883,0.9966,7914.35,2019-11-07 22:00:00
2269,1573160400000,0.9874,0.9893,0.976,0.9869,9263.05,2019-11-07 21:00:00
2270,1573156800000,0.9858,0.988,0.9821,0.9846,3324.94,2019-11-07 20:00:00
2271,1573153200000,0.9814,0.9859,0.9801,0.9859,5333.62,2019-11-07 19:00:00
2272,1573149600000,0.9815,0.9815,0.98,0.9815,5597.43,2019-11-07 18:00:00
2273,1573146000000,0.9847,0.9847,0.9812,0.9813,2174.49,2019-11-07 17:00:00
2274,1573142400000,0.9808,0.988,0.9773,0.9835,4003.67,2019-11-07 16:00:00
2275,1573138800000,0.9855,0.9856,0.9805,0.9808,5444.29,2019-11-07 15:00:00
2276,1573135200000,0.9815,0.9863,0.9751,0.9846,10901.65,2019-11-07 14:00:00
2277,1573131600000,0.9802,0.985,0.9773,0.9815,9397.83,2019-11-07 13:00:00
2278,1573128000000,0.9786,0.9824,0.9731,0.9803,6297.09,2019-11-07 12:00:00
2279,1573124400000,0.983,0.9863,0.978,0.9785,19332.46,2019-11-07 11:00:00
2280,1573120800000,0.9758,0.9799,0.9603,0.9786,49827.63,2019-11-07 10:00:00
2281,1573117200000,0.9866,0.9871,0.98,0.98,13169.2,2019-11-07 09:00:00
2282,1573113600000,0.9926,0.9927,0.9762,0.9857,41531.93,2019-11-07 08:00:00
2283,1573110000000,1.0034,1.0039,0.99,0.994,11929.53,2019-11-07 07:00:00
2284,1573106400000,0.9984,1.0034,0.9951,1.0029,5428.45,2019-11-07 06:00:00
2285,1573102800000,1.0054,1.0054,0.975,1.0019,34010.4,2019-11-07 05:00:00
2286,1573099200000,1.0138,1.0138,0.994,1.0058,25815.54,2019-11-07 04:00:00
2287,1573095600000,1.0042,1.0205,1.0002,1.0135,14537.6,2019-11-07 03:00:00
2288,1573092000000,1.0307,1.0307,1.0018,1.0072,22100.53,2019-11-07 02:00:00
2289,1573088400000,1.0331,1.036,1.0286,1.0304,6628.42,2019-11-07 01:00:00
2290,1573084800000,1.033,1.0436,1.0243,1.0331,54748.97,2019-11-07 00:00:00
2291,1573081200000,1.0317,1.033,1.0298,1.033,2337.83,2019-11-06 23:00:00
2292,1573077600000,1.027,1.0306,1.0264,1.0284,2108.95,2019-11-06 22:00:00
2293,1573074000000,1.0281,1.0316,1.0212,1.0313,15929.09,2019-11-06 21:00:00
2294,1573070400000,1.0289,1.0304,1.0264,1.0294,1798.1,2019-11-06 20:00:00
2295,1573066800000,1.0345,1.0366,1.0262,1.0295,6050.99,2019-11-06 19:00:00
2296,1573063200000,1.0264,1.0364,1.022,1.033,17781.82,2019-11-06 18:00:00
2297,1573059600000,1.0298,1.0357,1.0252,1.027,10504.97,2019-11-06 17:00:00
2298,1573056000000,1.0226,1.0319,1.0132,1.0319,36462.02,2019-11-06 16:00:00
2299,1573052400000,1.0306,1.0364,1.0177,1.0226,53856.28,2019-11-06 15:00:00
2300,1573048800000,1.032,1.0383,1.022,1.0369,38824.79,2019-11-06 14:00:00
2301,1573045200000,1.0366,1.0441,1.0332,1.0351,15087.35,2019-11-06 13:00:00
2302,1573041600000,1.0629,1.0629,1.0366,1.0366,48038.91,2019-11-06 12:00:00
2303,1573038000000,1.0523,1.0629,1.051,1.0613,11372.61,2019-11-06 11:00:00
2304,1573034400000,1.0603,1.0603,1.0489,1.0523,22513.16,2019-11-06 10:00:00
2305,1573030800000,1.0857,1.0899,1.058,1.0591,85438.84,2019-11-06 09:00:00
2306,1573027200000,1.0771,1.0899,1.0707,1.0874,34690.9,2019-11-06 08:00:00
2307,1573023600000,1.0674,1.0852,1.0619,1.077,11444.74,2019-11-06 07:00:00
2308,1573020000000,1.0552,1.0679,1.0508,1.0648,11397.49,2019-11-06 06:00:00
2309,1573016400000,1.0615,1.0732,1.0468,1.0552,16417.14,2019-11-06 05:00:00
2310,1573012800000,1.0582,1.074,1.0551,1.0673,33995.8,2019-11-06 04:00:00
2311,1573009200000,1.0286,1.0604,1.028,1.0604,51780.73,2019-11-06 03:00:00
2312,1573005600000,1.0233,1.0306,1.0233,1.0276,8350.97,2019-11-06 02:00:00
2313,1573002000000,1.0231,1.0245,1.0193,1.0227,10878.94,2019-11-06 01:00:00
2314,1572998400000,1.0247,1.0342,1.022,1.0254,9125.21,2019-11-06 00:00:00
2315,1572994800000,1.0429,1.0476,1.0242,1.0242,25756.52,2019-11-05 23:00:00
2316,1572991200000,1.0586,1.0586,1.0408,1.0409,11732.72,2019-11-05 22:00:00
2317,1572987600000,1.0571,1.0601,1.0532,1.0593,964.48,2019-11-05 21:00:00
2318,1572984000000,1.0553,1.06,1.0461,1.0506,8247.95,2019-11-05 20:00:00
2319,1572980400000,1.0427,1.0529,1.0415,1.0529,8158.05,2019-11-05 19:00:00
2320,1572976800000,1.0436,1.0562,1.0422,1.0481,8061.94,2019-11-05 18:00:00
2321,1572973200000,1.0461,1.0536,1.0409,1.0436,9497.64,2019-11-05 17:00:00
2322,1572969600000,1.0484,1.0596,1.0362,1.0422,32699.08,2019-11-05 16:00:00
2323,1572966000000,1.002,1.0524,1.0009,1.0435,54095.9,2019-11-05 15:00:00
2324,1572962400000,0.9861,1.0029,0.9842,1.0022,17136.66,2019-11-05 14:00:00
2325,1572958800000,0.9861,0.99,0.9804,0.9837,1932.33,2019-11-05 13:00:00
2326,1572955200000,0.9866,0.9935,0.9866,0.9888,4870.01,2019-11-05 12:00:00
2327,1572951600000,0.9881,0.9923,0.9862,0.9887,10937.52,2019-11-05 11:00:00
2328,1572948000000,0.986,0.9922,0.9813,0.9895,3175.69,2019-11-05 10:00:00
2329,1572944400000,0.9751,0.9978,0.9751,0.9845,8500.91,2019-11-05 09:00:00
2330,1572940800000,0.9726,0.9751,0.9693,0.9751,4307.89,2019-11-05 08:00:00
2331,1572937200000,0.9897,0.9897,0.9723,0.9727,19573.52,2019-11-05 07:00:00
2332,1572933600000,0.9957,0.9957,0.988,0.9897,2447.28,2019-11-05 06:00:00
2333,1572930000000,0.9928,0.9999,0.9928,0.9931,9372.74,2019-11-05 05:00:00
2334,1572926400000,0.9949,0.9964,0.9871,0.9871,8367.71,2019-11-05 04:00:00
2335,1572922800000,0.9909,0.9972,0.9909,0.9944,6395.3,2019-11-05 03:00:00
2336,1572919200000,0.9831,0.9949,0.9823,0.9906,1494.4,2019-11-05 02:00:00
2337,1572915600000,0.9761,0.9846,0.9761,0.9846,4671.97,2019-11-05 01:00:00
2338,1572912000000,0.982,0.9853,0.9734,0.978,16991.91,2019-11-05 00:00:00
2339,1572908400000,0.9784,0.9836,0.9777,0.982,8364.78,2019-11-04 23:00:00
2340,1572904800000,0.981,0.9848,0.9784,0.9784,1646.32,2019-11-04 22:00:00
2341,1572901200000,0.9787,0.9839,0.9787,0.9839,1697.41,2019-11-04 21:00:00
2342,1572897600000,0.9839,0.9939,0.9785,0.9785,22263.55,2019-11-04 20:00:00
2343,1572894000000,0.9796,0.981,0.975,0.981,29928.56,2019-11-04 19:00:00
2344,1572890400000,0.9826,0.9826,0.9791,0.9791,8386.0,2019-11-04 18:00:00
2345,1572886800000,0.9836,0.9862,0.9819,0.9859,8002.01,2019-11-04 17:00:00
2346,1572883200000,0.9792,0.985,0.9782,0.9836,6366.84,2019-11-04 16:00:00
2347,1572879600000,0.9817,0.9839,0.9791,0.9837,12450.26,2019-11-04 15:00:00
2348,1572876000000,0.9706,0.9852,0.9704,0.9817,6425.78,2019-11-04 14:00:00
2349,1572872400000,0.9661,0.9733,0.9661,0.9718,4776.84,2019-11-04 13:00:00
2350,1572868800000,0.9718,0.9739,0.9663,0.9663,6012.92,2019-11-04 12:00:00
2351,1572865200000,0.9674,0.9703,0.9674,0.9703,3815.77,2019-11-04 11:00:00
2352,1572861600000,0.9575,0.9651,0.9575,0.9625,8837.2,2019-11-04 10:00:00
2353,1572858000000,0.9529,0.9583,0.9529,0.9545,2822.05,2019-11-04 09:00:00
2354,1572854400000,0.9546,0.9584,0.9546,0.9555,810.71,2019-11-04 08:00:00
2355,1572850800000,0.9546,0.9546,0.9546,0.9546,3.02,2019-11-04 07:00:00
2356,1572847200000,0.9457,0.9541,0.9455,0.9537,2375.84,2019-11-04 06:00:00
2357,1572843600000,0.9489,0.949,0.9453,0.9483,2183.81,2019-11-04 05:00:00
2358,1572840000000,0.9498,0.9498,0.945,0.945,1261.29,2019-11-04 04:00:00
2359,1572836400000,0.9505,0.9505,0.9453,0.9498,2253.41,2019-11-04 03:00:00
2360,1572832800000,0.9493,0.9521,0.945,0.9487,30855.48,2019-11-04 02:00:00
2361,1572829200000,0.9525,0.9532,0.9487,0.95,9382.81,2019-11-04 01:00:00
2362,1572825600000,0.9602,0.9632,0.951,0.9547,15085.15,2019-11-04 00:00:00
2363,1572822000000,0.9595,0.9648,0.9595,0.9605,5740.11,2019-11-03 23:00:00
2364,1572818400000,0.9545,0.9639,0.9513,0.9639,2282.88,2019-11-03 22:00:00
2365,1572814800000,0.9528,0.9545,0.9441,0.9545,4523.07,2019-11-03 21:00:00
2366,1572811200000,0.9535,0.9549,0.946,0.9517,26807.28,2019-11-03 20:00:00
2367,1572807600000,0.9522,0.9542,0.951,0.9536,1933.52,2019-11-03 19:00:00
2368,1572804000000,0.9501,0.9516,0.9465,0.9514,6478.84,2019-11-03 18:00:00
2369,1572800400000,0.9586,0.9586,0.9458,0.9475,10380.1,2019-11-03 17:00:00
2370,1572796800000,0.9589,0.9589,0.9531,0.9531,674.88,2019-11-03 16:00:00
2371,1572793200000,0.9517,0.957,0.9517,0.9568,2580.55,2019-11-03 15:00:00
2372,1572789600000,0.9511,0.9534,0.9493,0.9508,10816.84,2019-11-03 14:00:00
2373,1572786000000,0.9471,0.9521,0.9471,0.9519,2150.49,2019-11-03 13:00:00
2374,1572782400000,0.948,0.9489,0.9445,0.9471,3505.02,2019-11-03 12:00:00
2375,1572778800000,0.9504,0.9542,0.9445,0.9445,8133.49,2019-11-03 11:00:00
2376,1572775200000,0.9562,0.9587,0.9482,0.953,10303.46,2019-11-03 10:00:00
2377,1572771600000,0.9627,0.9645,0.962,0.962,3002.94,2019-11-03 09:00:00
2378,1572768000000,0.9673,0.9673,0.9619,0.9619,2152.44,2019-11-03 08:00:00
2379,1572764400000,0.9694,0.9697,0.9654,0.9697,2435.41,2019-11-03 07:00:00
2380,1572760800000,0.969,0.9725,0.9654,0.9707,2613.0,2019-11-03 06:00:00
2381,1572757200000,0.9705,0.973,0.9652,0.969,8296.59,2019-11-03 05:00:00
2382,1572753600000,0.9721,0.9754,0.9719,0.9754,1451.02,2019-11-03 04:00:00
2383,1572750000000,0.9915,0.9915,0.9666,0.9758,20808.91,2019-11-03 03:00:00
2384,1572746400000,0.9918,0.9956,0.991,0.9955,1594.52,2019-11-03 02:00:00
2385,1572742800000,0.9864,0.9873,0.9847,0.9847,418.77,2019-11-03 01:00:00
2386,1572739200000,0.988,0.988,0.9836,0.9868,3812.88,2019-11-03 00:00:00
2387,1572735600000,0.985,0.9868,0.9825,0.9868,8850.34,2019-11-02 23:00:00
2388,1572732000000,0.985,0.986,0.985,0.985,1775.93,2019-11-02 22:00:00
2389,1572728400000,0.985,0.985,0.985,0.985,4055.27,2019-11-02 21:00:00
2390,1572724800000,0.9957,0.9957,0.985,0.985,6103.76,2019-11-02 20:00:00
2391,1572721200000,0.9921,0.9965,0.9856,0.9963,5095.01,2019-11-02 19:00:00
2392,1572717600000,0.9871,0.9935,0.9871,0.9913,5066.84,2019-11-02 18:00:00
2393,1572714000000,0.9954,1.0008,0.9882,0.9916,29720.72,2019-11-02 17:00:00
2394,1572710400000,0.9837,1.0,0.9837,0.9971,13935.57,2019-11-02 16:00:00
2395,1572706800000,0.9795,0.9842,0.9721,0.9842,3679.07,2019-11-02 15:00:00
2396,1572703200000,0.9736,0.9806,0.9736,0.9778,5565.71,2019-11-02 14:00:00
2397,1572699600000,0.972,0.9784,0.9695,0.9784,4280.49,2019-11-02 13:00:00
2398,1572696000000,0.967,0.9713,0.9609,0.9682,21678.32,2019-11-02 12:00:00
2399,1572692400000,0.9635,0.967,0.9618,0.9661,8838.06,2019-11-02 11:00:00
2400,1572688800000,0.9601,0.9635,0.9601,0.9612,2013.95,2019-11-02 10:00:00
2401,1572685200000,0.965,0.9663,0.9611,0.9611,1770.94,2019-11-02 09:00:00
2402,1572681600000,0.9666,0.9671,0.9583,0.9654,1972.98,2019-11-02 08:00:00
2403,1572678000000,0.9681,0.9681,0.9637,0.9664,221.97,2019-11-02 07:00:00
2404,1572674400000,0.9697,0.9697,0.9558,0.9681,16885.49,2019-11-02 06:00:00
2405,1572670800000,0.9758,0.9791,0.9571,0.9715,10902.72,2019-11-02 05:00:00
2406,1572667200000,0.9899,0.9899,0.9758,0.9758,14609.91,2019-11-02 04:00:00
2407,1572663600000,0.9656,0.9902,0.9634,0.99,25451.01,2019-11-02 03:00:00
2408,1572660000000,0.9643,0.9656,0.9639,0.9656,572.48,2019-11-02 02:00:00
2409,1572656400000,0.9674,0.9674,0.9596,0.9625,1469.71,2019-11-02 01:00:00
2410,1572652800000,0.9765,0.9792,0.9633,0.9642,14677.12,2019-11-02 00:00:00
2411,1572649200000,0.9765,0.9798,0.9701,0.9765,2673.98,2019-11-01 23:00:00
2412,1572645600000,0.9823,0.9838,0.9741,0.9791,11869.24,2019-11-01 22:00:00
2413,1572642000000,0.9682,0.9824,0.9675,0.9801,11175.97,2019-11-01 21:00:00
2414,1572638400000,0.96,0.9684,0.96,0.9657,20748.72,2019-11-01 20:00:00
2415,1572634800000,0.9572,0.9636,0.9562,0.96,7754.22,2019-11-01 19:00:00
2416,1572631200000,0.9508,0.958,0.9481,0.9558,4828.75,2019-11-01 18:00:00
2417,1572627600000,0.9439,0.9502,0.9426,0.95,5393.63,2019-11-01 17:00:00
2418,1572624000000,0.9363,0.944,0.9307,0.944,8011.21,2019-11-01 16:00:00
2419,1572620400000,0.94,0.9537,0.9348,0.9348,6449.35,2019-11-01 15:00:00
2420,1572616800000,0.9401,0.9401,0.9344,0.9388,3516.71,2019-11-01 14:00:00
2421,1572613200000,0.9487,0.949,0.9357,0.9375,9369.8,2019-11-01 13:00:00
2422,1572609600000,0.9412,0.9447,0.9378,0.9445,2905.5,2019-11-01 12:00:00
2423,1572606000000,0.9453,0.9485,0.9387,0.9387,11290.72,2019-11-01 11:00:00
2424,1572602400000,0.9333,0.9417,0.9333,0.9393,5151.02,2019-11-01 10:00:00
2425,1572598800000,0.9407,0.9407,0.9333,0.9373,13701.99,2019-11-01 09:00:00
2426,1572595200000,0.939,0.9413,0.9377,0.9407,3583.82,2019-11-01 08:00:00
2427,1572591600000,0.9402,0.9407,0.9346,0.9346,976.79,2019-11-01 07:00:00
2428,1572588000000,0.9355,0.9402,0.9355,0.9402,430.83,2019-11-01 06:00:00
2429,1572584400000,0.9387,0.9409,0.9374,0.9374,2030.9,2019-11-01 05:00:00
2430,1572580800000,0.9329,0.9413,0.9329,0.9393,7211.71,2019-11-01 04:00:00
2431,1572577200000,0.9384,0.939,0.9333,0.9387,28729.88,2019-11-01 03:00:00
2432,1572573600000,0.9377,0.9416,0.9352,0.9372,2897.34,2019-11-01 02:00:00
2433,1572570000000,0.9446,0.9446,0.9356,0.9374,3282.24,2019-11-01 01:00:00
2434,1572566400000,0.9454,0.9454,0.9378,0.9393,1782.63,2019-11-01 00:00:00
2435,1572562800000,0.9389,0.9458,0.9389,0.9425,1196.49,2019-10-31 23:00:00
2436,1572559200000,0.9344,0.9427,0.9343,0.9427,2925.18,2019-10-31 22:00:00
2437,1572555600000,0.9451,0.9451,0.9342,0.9398,13178.89,2019-10-31 21:00:00
2438,1572552000000,0.9499,0.9511,0.936,0.9423,25668.7,2019-10-31 20:00:00
2439,1572548400000,0.9542,0.9542,0.9438,0.9462,3372.19,2019-10-31 19:00:00
2440,1572544800000,0.954,0.954,0.9494,0.95,4150.48,2019-10-31 18:00:00
2441,1572541200000,0.948,0.9613,0.9466,0.9536,34960.94,2019-10-31 17:00:00
2442,1572537600000,0.9454,0.9521,0.9453,0.948,19750.72,2019-10-31 16:00:00
2443,1572534000000,0.9517,0.9517,0.9423,0.9454,4586.32,2019-10-31 15:00:00
2444,1572530400000,0.9535,0.9535,0.9465,0.9513,17329.74,2019-10-31 14:00:00
2445,1572526800000,0.9581,0.9598,0.9497,0.9535,6803.37,2019-10-31 13:00:00
2446,1572523200000,0.9427,0.9642,0.9427,0.9565,16924.46,2019-10-31 12:00:00
2447,1572519600000,0.94,0.9468,0.94,0.9418,7698.5,2019-10-31 11:00:00
2448,1572516000000,0.9426,0.9543,0.9209,0.9343,98473.51,2019-10-31 10:00:00
2449,1572512400000,0.9645,0.9646,0.9426,0.9454,14085.13,2019-10-31 09:00:00
2450,1572508800000,0.9627,0.968,0.9627,0.9629,983.13,2019-10-31 08:00:00
2451,1572505200000,0.9689,0.9689,0.958,0.9634,8583.63,2019-10-31 07:00:00
2452,1572501600000,0.9705,0.9755,0.9659,0.9659,5248.08,2019-10-31 06:00:00
2453,1572498000000,0.9631,0.9713,0.9629,0.9673,1627.91,2019-10-31 05:00:00
2454,1572494400000,0.9658,0.9658,0.96,0.9626,1272.4,2019-10-31 04:00:00
2455,1572490800000,0.9693,0.9693,0.9582,0.966,38103.85,2019-10-31 03:00:00
2456,1572487200000,0.9597,0.9701,0.9597,0.9701,1762.41,2019-10-31 02:00:00
2457,1572483600000,0.9754,0.9772,0.9603,0.9618,6641.26,2019-10-31 01:00:00
2458,1572480000000,0.9783,0.985,0.9759,0.9759,4420.32,2019-10-31 00:00:00
2459,1572476400000,0.9896,0.9927,0.9766,0.9783,11339.85,2019-10-30 23:00:00
2460,1572472800000,0.983,0.9954,0.9806,0.9893,30399.71,2019-10-30 22:00:00
2461,1572469200000,0.9886,0.9886,0.9781,0.9837,13541.92,2019-10-30 21:00:00
2462,1572465600000,0.9806,0.9898,0.9768,0.9898,14979.66,2019-10-30 20:00:00
2463,1572462000000,0.969,0.9805,0.9675,0.98,16313.74,2019-10-30 19:00:00
2464,1572458400000,0.9645,0.9687,0.9624,0.9687,4551.63,2019-10-30 18:00:00
2465,1572454800000,0.9575,0.965,0.9546,0.96,9797.53,2019-10-30 17:00:00
2466,1572451200000,0.9637,0.9647,0.9508,0.9582,6209.37,2019-10-30 16:00:00
2467,1572447600000,0.9576,0.9644,0.9449,0.964,31171.55,2019-10-30 15:00:00
2468,1572444000000,0.9482,0.97,0.9421,0.953,25865.18,2019-10-30 14:00:00
2469,1572440400000,0.961,0.9641,0.9339,0.9462,37001.07,2019-10-30 13:00:00
2470,1572436800000,0.957,0.9711,0.957,0.9639,9753.46,2019-10-30 12:00:00
2471,1572433200000,0.966,0.966,0.9483,0.9594,18645.95,2019-10-30 11:00:00
2472,1572429600000,0.9894,0.9894,0.9614,0.964,37201.5,2019-10-30 10:00:00
2473,1572426000000,0.98,0.9945,0.9791,0.9945,29615.68,2019-10-30 09:00:00
2474,1572422400000,0.9676,1.025,0.9648,0.9791,81930.27,2019-10-30 08:00:00
2475,1572418800000,0.9651,0.9716,0.9462,0.9644,62170.93,2019-10-30 07:00:00
2476,1572415200000,0.9693,0.9757,0.9642,0.9642,47615.55,2019-10-30 06:00:00
2477,1572411600000,0.9996,0.9996,0.9651,0.9678,67789.18,2019-10-30 05:00:00
2478,1572408000000,1.0197,1.0197,0.9906,1.0006,25137.08,2019-10-30 04:00:00
2479,1572404400000,1.0175,1.0229,1.0141,1.0159,2762.19,2019-10-30 03:00:00
2480,1572400800000,1.0264,1.0264,1.0172,1.0172,2982.36,2019-10-30 02:00:00
2481,1572397200000,1.0286,1.0286,1.015,1.0216,31607.63,2019-10-30 01:00:00
2482,1572393600000,1.0381,1.0382,1.0168,1.0233,11084.53,2019-10-30 00:00:00
2483,1572390000000,1.044,1.044,1.0345,1.0345,3426.92,2019-10-29 23:00:00
2484,1572386400000,1.0413,1.0441,1.0298,1.0438,18735.32,2019-10-29 22:00:00
2485,1572382800000,1.0577,1.0594,1.0375,1.0411,12039.04,2019-10-29 21:00:00
2486,1572379200000,1.0442,1.07,1.0435,1.0638,13282.68,2019-10-29 20:00:00
2487,1572375600000,1.0676,1.0711,1.0308,1.0399,76977.2,2019-10-29 19:00:00
2488,1572372000000,1.0633,1.0717,1.0633,1.0686,1778.64,2019-10-29 18:00:00
2489,1572368400000,1.0613,1.0675,1.0568,1.0633,5615.19,2019-10-29 17:00:00
2490,1572364800000,1.0774,1.0775,1.0582,1.0649,10027.03,2019-10-29 16:00:00
2491,1572361200000,1.0604,1.0763,1.0502,1.0742,39163.25,2019-10-29 15:00:00
2492,1572357600000,1.0525,1.0626,1.0405,1.0586,27199.14,2019-10-29 14:00:00
2493,1572354000000,1.0827,1.0881,1.04,1.0551,90047.71,2019-10-29 13:00:00
2494,1572350400000,1.1,1.1248,1.0624,1.0888,236799.52,2019-10-29 12:00:00
2495,1572346800000,1.0468,1.1013,1.0464,1.1001,89101.88,2019-10-29 11:00:00
