,Time,Open,High,Low,Close,Volume,Date
0,1581346800000,1.493e-05,1.513e-05,1.493e-05,1.513e-05,6907.0,2020-02-10 15:00:00
1,1581343200000,1.501e-05,1.504e-05,1.491e-05,1.504e-05,36383.0,2020-02-10 14:00:00
2,1581339600000,1.505e-05,1.52e-05,1.496e-05,1.518e-05,30263.0,2020-02-10 13:00:00
3,1581336000000,1.504e-05,1.507e-05,1.492e-05,1.505e-05,22804.0,2020-02-10 12:00:00
4,1581332400000,1.494e-05,1.504e-05,1.49e-05,1.49e-05,5518.0,2020-02-10 11:00:00
5,1581328800000,1.497e-05,1.512e-05,1.494e-05,1.495e-05,4378.0,2020-02-10 10:00:00
6,1581325200000,1.503e-05,1.51e-05,1.496e-05,1.497e-05,71131.0,2020-02-10 09:00:00
7,1581321600000,1.501e-05,1.517e-05,1.495e-05,1.503e-05,71452.0,2020-02-10 08:00:00
8,1581318000000,1.5e-05,1.507e-05,1.494e-05,1.501e-05,4508.0,2020-02-10 07:00:00
9,1581314400000,1.502e-05,1.509e-05,1.493e-05,1.499e-05,18983.0,2020-02-10 06:00:00
10,1581310800000,1.505e-05,1.523e-05,1.502e-05,1.502e-05,31086.0,2020-02-10 05:00:00
11,1581307200000,1.499e-05,1.512e-05,1.496e-05,1.498e-05,19986.0,2020-02-10 04:00:00
12,1581303600000,1.511e-05,1.52e-05,1.5e-05,1.514e-05,26810.0,2020-02-10 03:00:00
13,1581300000000,1.51e-05,1.524e-05,1.497e-05,1.511e-05,31183.0,2020-02-10 02:00:00
14,1581296400000,1.516e-05,1.525e-05,1.495e-05,1.499e-05,34986.0,2020-02-10 01:00:00
15,1581292800000,1.51e-05,1.529e-05,1.509e-05,1.526e-05,29051.0,2020-02-10 00:00:00
16,1581289200000,1.518e-05,1.53e-05,1.512e-05,1.512e-05,41409.0,2020-02-09 23:00:00
17,1581285600000,1.533e-05,1.534e-05,1.514e-05,1.514e-05,16276.0,2020-02-09 22:00:00
18,1581282000000,1.524e-05,1.532e-05,1.524e-05,1.532e-05,15001.0,2020-02-09 21:00:00
19,1581278400000,1.519e-05,1.527e-05,1.511e-05,1.515e-05,22044.0,2020-02-09 20:00:00
20,1581274800000,1.533e-05,1.535e-05,1.514e-05,1.517e-05,17051.0,2020-02-09 19:00:00
21,1581271200000,1.533e-05,1.535e-05,1.515e-05,1.534e-05,10674.0,2020-02-09 18:00:00
22,1581267600000,1.527e-05,1.535e-05,1.519e-05,1.519e-05,5044.0,2020-02-09 17:00:00
23,1581264000000,1.51e-05,1.532e-05,1.505e-05,1.525e-05,47925.0,2020-02-09 16:00:00
24,1581260400000,1.528e-05,1.528e-05,1.509e-05,1.518e-05,25944.0,2020-02-09 15:00:00
25,1581256800000,1.527e-05,1.548e-05,1.52e-05,1.531e-05,149028.0,2020-02-09 14:00:00
26,1581253200000,1.517e-05,1.527e-05,1.509e-05,1.52e-05,59066.0,2020-02-09 13:00:00
27,1581249600000,1.502e-05,1.54e-05,1.496e-05,1.518e-05,57406.0,2020-02-09 12:00:00
28,1581246000000,1.493e-05,1.532e-05,1.489e-05,1.51e-05,44452.0,2020-02-09 11:00:00
29,1581242400000,1.498e-05,1.503e-05,1.49e-05,1.492e-05,7036.0,2020-02-09 10:00:00
30,1581238800000,1.495e-05,1.501e-05,1.482e-05,1.498e-05,13912.0,2020-02-09 09:00:00
31,1581235200000,1.495e-05,1.495e-05,1.48e-05,1.495e-05,8931.0,2020-02-09 08:00:00
32,1581231600000,1.474e-05,1.498e-05,1.47e-05,1.494e-05,33605.0,2020-02-09 07:00:00
33,1581228000000,1.472e-05,1.474e-05,1.461e-05,1.465e-05,9442.0,2020-02-09 06:00:00
34,1581224400000,1.456e-05,1.471e-05,1.456e-05,1.46e-05,23093.0,2020-02-09 05:00:00
35,1581220800000,1.49e-05,1.49e-05,1.451e-05,1.452e-05,25624.0,2020-02-09 04:00:00
36,1581217200000,1.497e-05,1.498e-05,1.476e-05,1.489e-05,40589.0,2020-02-09 03:00:00
37,1581210000000,1.472e-05,1.498e-05,1.467e-05,1.481e-05,8723.0,2020-02-09 01:00:00
38,1581206400000,1.471e-05,1.493e-05,1.471e-05,1.472e-05,26953.0,2020-02-09 00:00:00
39,1581202800000,1.461e-05,1.474e-05,1.445e-05,1.471e-05,29620.0,2020-02-08 23:00:00
40,1581199200000,1.438e-05,1.462e-05,1.429e-05,1.461e-05,64983.0,2020-02-08 22:00:00
41,1581195600000,1.498e-05,1.51e-05,1.422e-05,1.428e-05,193542.0,2020-02-08 21:00:00
42,1581192000000,1.497e-05,1.514e-05,1.488e-05,1.489e-05,15138.0,2020-02-08 20:00:00
43,1581188400000,1.496e-05,1.51e-05,1.475e-05,1.493e-05,70932.0,2020-02-08 19:00:00
44,1581184800000,1.495e-05,1.499e-05,1.484e-05,1.49e-05,53453.0,2020-02-08 18:00:00
45,1581181200000,1.53e-05,1.535e-05,1.494e-05,1.495e-05,70574.0,2020-02-08 17:00:00
46,1581177600000,1.539e-05,1.543e-05,1.524e-05,1.537e-05,30911.0,2020-02-08 16:00:00
47,1581174000000,1.544e-05,1.563e-05,1.51e-05,1.538e-05,57972.0,2020-02-08 15:00:00
48,1581170400000,1.544e-05,1.562e-05,1.536e-05,1.549e-05,11791.0,2020-02-08 14:00:00
49,1581166800000,1.546e-05,1.581e-05,1.532e-05,1.544e-05,117117.0,2020-02-08 13:00:00
50,1581163200000,1.549e-05,1.555e-05,1.538e-05,1.538e-05,19254.0,2020-02-08 12:00:00
51,1581159600000,1.559e-05,1.568e-05,1.541e-05,1.541e-05,42693.0,2020-02-08 11:00:00
52,1581156000000,1.522e-05,1.57e-05,1.517e-05,1.56e-05,111418.0,2020-02-08 10:00:00
53,1581152400000,1.519e-05,1.523e-05,1.512e-05,1.515e-05,5351.0,2020-02-08 09:00:00
54,1581148800000,1.528e-05,1.534e-05,1.512e-05,1.521e-05,47249.0,2020-02-08 08:00:00
55,1581145200000,1.524e-05,1.532e-05,1.521e-05,1.528e-05,6208.0,2020-02-08 07:00:00
56,1581141600000,1.529e-05,1.534e-05,1.522e-05,1.534e-05,9240.0,2020-02-08 06:00:00
57,1581138000000,1.5e-05,1.529e-05,1.5e-05,1.524e-05,12467.0,2020-02-08 05:00:00
58,1581134400000,1.489e-05,1.5e-05,1.48e-05,1.498e-05,44082.0,2020-02-08 04:00:00
59,1581130800000,1.509e-05,1.51e-05,1.48e-05,1.501e-05,71573.0,2020-02-08 03:00:00
60,1581127200000,1.521e-05,1.526e-05,1.493e-05,1.503e-05,54008.0,2020-02-08 02:00:00
61,1581123600000,1.544e-05,1.547e-05,1.481e-05,1.533e-05,96766.0,2020-02-08 01:00:00
62,1581120000000,1.544e-05,1.551e-05,1.529e-05,1.544e-05,21983.0,2020-02-08 00:00:00
63,1581116400000,1.556e-05,1.561e-05,1.543e-05,1.543e-05,20584.0,2020-02-07 23:00:00
64,1581112800000,1.541e-05,1.555e-05,1.537e-05,1.554e-05,23180.0,2020-02-07 22:00:00
65,1581109200000,1.556e-05,1.567e-05,1.537e-05,1.554e-05,26376.0,2020-02-07 21:00:00
66,1581105600000,1.541e-05,1.57e-05,1.541e-05,1.556e-05,130322.0,2020-02-07 20:00:00
67,1581102000000,1.533e-05,1.553e-05,1.532e-05,1.553e-05,6800.0,2020-02-07 19:00:00
68,1581098400000,1.53e-05,1.554e-05,1.515e-05,1.534e-05,104388.0,2020-02-07 18:00:00
69,1581094800000,1.533e-05,1.54e-05,1.525e-05,1.53e-05,36998.0,2020-02-07 17:00:00
70,1581091200000,1.51e-05,1.545e-05,1.51e-05,1.523e-05,73869.0,2020-02-07 16:00:00
71,1581087600000,1.501e-05,1.513e-05,1.495e-05,1.51e-05,11424.0,2020-02-07 15:00:00
72,1581084000000,1.508e-05,1.526e-05,1.504e-05,1.507e-05,62120.0,2020-02-07 14:00:00
73,1581080400000,1.508e-05,1.541e-05,1.506e-05,1.506e-05,127373.0,2020-02-07 13:00:00
74,1581076800000,1.49e-05,1.548e-05,1.49e-05,1.508e-05,72976.0,2020-02-07 12:00:00
75,1581073200000,1.51e-05,1.517e-05,1.485e-05,1.496e-05,98002.0,2020-02-07 11:00:00
76,1581069600000,1.53e-05,1.54e-05,1.489e-05,1.507e-05,222330.0,2020-02-07 10:00:00
77,1581066000000,1.496e-05,1.53e-05,1.485e-05,1.527e-05,159112.0,2020-02-07 09:00:00
78,1581062400000,1.49e-05,1.496e-05,1.475e-05,1.496e-05,60387.0,2020-02-07 08:00:00
79,1581058800000,1.481e-05,1.493e-05,1.472e-05,1.488e-05,20702.0,2020-02-07 07:00:00
80,1581055200000,1.484e-05,1.489e-05,1.47e-05,1.481e-05,17606.0,2020-02-07 06:00:00
81,1581051600000,1.485e-05,1.487e-05,1.471e-05,1.485e-05,55758.0,2020-02-07 05:00:00
82,1581048000000,1.475e-05,1.485e-05,1.471e-05,1.485e-05,15959.0,2020-02-07 04:00:00
83,1581044400000,1.485e-05,1.49e-05,1.471e-05,1.474e-05,34630.0,2020-02-07 03:00:00
84,1581040800000,1.483e-05,1.486e-05,1.472e-05,1.486e-05,61017.0,2020-02-07 02:00:00
85,1581037200000,1.492e-05,1.492e-05,1.476e-05,1.476e-05,130947.0,2020-02-07 01:00:00
86,1581033600000,1.489e-05,1.492e-05,1.477e-05,1.492e-05,31930.0,2020-02-07 00:00:00
87,1581030000000,1.474e-05,1.49e-05,1.474e-05,1.479e-05,54549.0,2020-02-06 23:00:00
88,1581026400000,1.481e-05,1.485e-05,1.474e-05,1.474e-05,40783.0,2020-02-06 22:00:00
89,1581022800000,1.478e-05,1.48e-05,1.464e-05,1.475e-05,14057.0,2020-02-06 21:00:00
90,1581019200000,1.464e-05,1.483e-05,1.451e-05,1.478e-05,75047.0,2020-02-06 20:00:00
91,1581015600000,1.454e-05,1.465e-05,1.439e-05,1.465e-05,19923.0,2020-02-06 19:00:00
92,1581012000000,1.434e-05,1.472e-05,1.433e-05,1.454e-05,40676.0,2020-02-06 18:00:00
93,1581008400000,1.436e-05,1.441e-05,1.429e-05,1.434e-05,29437.0,2020-02-06 17:00:00
94,1581004800000,1.427e-05,1.443e-05,1.421e-05,1.443e-05,34341.0,2020-02-06 16:00:00
95,1581001200000,1.421e-05,1.431e-05,1.414e-05,1.431e-05,18705.0,2020-02-06 15:00:00
96,1580997600000,1.421e-05,1.423e-05,1.411e-05,1.421e-05,7942.0,2020-02-06 14:00:00
97,1580994000000,1.426e-05,1.442e-05,1.41e-05,1.422e-05,44777.0,2020-02-06 13:00:00
98,1580990400000,1.451e-05,1.451e-05,1.424e-05,1.424e-05,100598.0,2020-02-06 12:00:00
99,1580986800000,1.451e-05,1.472e-05,1.448e-05,1.45e-05,102690.0,2020-02-06 11:00:00
100,1580983200000,1.443e-05,1.453e-05,1.43e-05,1.443e-05,34030.0,2020-02-06 10:00:00
101,1580979600000,1.419e-05,1.454e-05,1.419e-05,1.452e-05,186990.0,2020-02-06 09:00:00
102,1580976000000,1.423e-05,1.427e-05,1.409e-05,1.42e-05,38066.0,2020-02-06 08:00:00
103,1580972400000,1.414e-05,1.423e-05,1.412e-05,1.423e-05,36052.0,2020-02-06 07:00:00
104,1580968800000,1.407e-05,1.414e-05,1.401e-05,1.412e-05,7208.0,2020-02-06 06:00:00
105,1580965200000,1.402e-05,1.414e-05,1.399e-05,1.406e-05,23105.0,2020-02-06 05:00:00
106,1580961600000,1.405e-05,1.407e-05,1.398e-05,1.404e-05,9239.0,2020-02-06 04:00:00
107,1580958000000,1.397e-05,1.405e-05,1.396e-05,1.398e-05,24086.0,2020-02-06 03:00:00
108,1580954400000,1.397e-05,1.406e-05,1.396e-05,1.397e-05,24498.0,2020-02-06 02:00:00
109,1580950800000,1.399e-05,1.404e-05,1.394e-05,1.396e-05,5051.0,2020-02-06 01:00:00
110,1580947200000,1.396e-05,1.409e-05,1.396e-05,1.399e-05,25589.0,2020-02-06 00:00:00
111,1580943600000,1.386e-05,1.397e-05,1.385e-05,1.39e-05,7317.0,2020-02-05 23:00:00
112,1580940000000,1.385e-05,1.39e-05,1.378e-05,1.385e-05,10563.0,2020-02-05 22:00:00
113,1580936400000,1.373e-05,1.392e-05,1.37e-05,1.385e-05,36034.0,2020-02-05 21:00:00
114,1580932800000,1.37e-05,1.384e-05,1.37e-05,1.373e-05,4782.0,2020-02-05 20:00:00
115,1580929200000,1.371e-05,1.384e-05,1.362e-05,1.365e-05,37576.0,2020-02-05 19:00:00
116,1580925600000,1.4e-05,1.404e-05,1.365e-05,1.37e-05,46219.0,2020-02-05 18:00:00
117,1580922000000,1.395e-05,1.404e-05,1.39e-05,1.4e-05,11221.0,2020-02-05 17:00:00
118,1580918400000,1.41e-05,1.419e-05,1.385e-05,1.386e-05,55477.0,2020-02-05 16:00:00
119,1580914800000,1.421e-05,1.424e-05,1.408e-05,1.408e-05,17493.0,2020-02-05 15:00:00
120,1580911200000,1.414e-05,1.424e-05,1.407e-05,1.415e-05,30035.0,2020-02-05 14:00:00
121,1580907600000,1.405e-05,1.407e-05,1.398e-05,1.407e-05,58711.0,2020-02-05 13:00:00
122,1580904000000,1.407e-05,1.418e-05,1.362e-05,1.398e-05,374034.0,2020-02-05 12:00:00
123,1580900400000,1.441e-05,1.443e-05,1.406e-05,1.408e-05,158105.0,2020-02-05 11:00:00
124,1580896800000,1.461e-05,1.473e-05,1.439e-05,1.442e-05,122854.0,2020-02-05 10:00:00
125,1580893200000,1.459e-05,1.47e-05,1.459e-05,1.469e-05,22126.0,2020-02-05 09:00:00
126,1580889600000,1.468e-05,1.468e-05,1.456e-05,1.467e-05,25306.0,2020-02-05 08:00:00
127,1580886000000,1.469e-05,1.47e-05,1.453e-05,1.468e-05,56816.0,2020-02-05 07:00:00
128,1580882400000,1.463e-05,1.469e-05,1.446e-05,1.469e-05,47062.0,2020-02-05 06:00:00
129,1580878800000,1.472e-05,1.474e-05,1.46e-05,1.461e-05,61612.0,2020-02-05 05:00:00
130,1580875200000,1.475e-05,1.475e-05,1.468e-05,1.471e-05,10233.0,2020-02-05 04:00:00
131,1580871600000,1.462e-05,1.475e-05,1.459e-05,1.475e-05,17606.0,2020-02-05 03:00:00
132,1580868000000,1.472e-05,1.473e-05,1.46e-05,1.462e-05,16328.0,2020-02-05 02:00:00
133,1580864400000,1.476e-05,1.48e-05,1.459e-05,1.469e-05,48766.0,2020-02-05 01:00:00
134,1580860800000,1.48e-05,1.481e-05,1.475e-05,1.479e-05,20693.0,2020-02-05 00:00:00
135,1580857200000,1.478e-05,1.482e-05,1.471e-05,1.48e-05,5363.0,2020-02-04 23:00:00
136,1580853600000,1.47e-05,1.483e-05,1.467e-05,1.471e-05,65605.0,2020-02-04 22:00:00
137,1580850000000,1.474e-05,1.478e-05,1.463e-05,1.477e-05,37478.0,2020-02-04 21:00:00
138,1580846400000,1.469e-05,1.479e-05,1.464e-05,1.479e-05,43969.0,2020-02-04 20:00:00
139,1580842800000,1.464e-05,1.478e-05,1.46e-05,1.46e-05,112140.0,2020-02-04 19:00:00
140,1580839200000,1.453e-05,1.469e-05,1.451e-05,1.464e-05,37640.0,2020-02-04 18:00:00
141,1580835600000,1.46e-05,1.471e-05,1.451e-05,1.462e-05,27873.0,2020-02-04 17:00:00
142,1580832000000,1.45e-05,1.461e-05,1.437e-05,1.461e-05,223002.0,2020-02-04 16:00:00
143,1580828400000,1.442e-05,1.46e-05,1.438e-05,1.45e-05,495286.0,2020-02-04 15:00:00
144,1580824800000,1.429e-05,1.451e-05,1.427e-05,1.449e-05,217184.0,2020-02-04 14:00:00
145,1580821200000,1.44e-05,1.448e-05,1.412e-05,1.426e-05,236647.0,2020-02-04 13:00:00
146,1580817600000,1.44e-05,1.445e-05,1.434e-05,1.441e-05,505499.0,2020-02-04 12:00:00
147,1580814000000,1.457e-05,1.457e-05,1.435e-05,1.44e-05,134316.0,2020-02-04 11:00:00
148,1580810400000,1.447e-05,1.458e-05,1.436e-05,1.458e-05,153351.0,2020-02-04 10:00:00
149,1580806800000,1.46e-05,1.47e-05,1.447e-05,1.447e-05,48302.0,2020-02-04 09:00:00
150,1580803200000,1.442e-05,1.46e-05,1.441e-05,1.46e-05,101506.0,2020-02-04 08:00:00
151,1580799600000,1.464e-05,1.464e-05,1.439e-05,1.45e-05,399163.0,2020-02-04 07:00:00
152,1580796000000,1.465e-05,1.475e-05,1.462e-05,1.463e-05,38918.0,2020-02-04 06:00:00
153,1580792400000,1.469e-05,1.48e-05,1.457e-05,1.46e-05,163833.0,2020-02-04 05:00:00
154,1580788800000,1.471e-05,1.485e-05,1.461e-05,1.478e-05,40050.0,2020-02-04 04:00:00
155,1580785200000,1.452e-05,1.47e-05,1.45e-05,1.46e-05,55484.0,2020-02-04 03:00:00
156,1580781600000,1.441e-05,1.453e-05,1.436e-05,1.452e-05,63036.0,2020-02-04 02:00:00
157,1580778000000,1.445e-05,1.449e-05,1.435e-05,1.445e-05,10103.0,2020-02-04 01:00:00
158,1580774400000,1.446e-05,1.452e-05,1.442e-05,1.446e-05,21701.0,2020-02-04 00:00:00
159,1580770800000,1.451e-05,1.457e-05,1.442e-05,1.454e-05,13976.0,2020-02-03 23:00:00
160,1580767200000,1.471e-05,1.473e-05,1.438e-05,1.452e-05,473718.0,2020-02-03 22:00:00
161,1580763600000,1.458e-05,1.473e-05,1.454e-05,1.471e-05,33778.0,2020-02-03 21:00:00
162,1580760000000,1.438e-05,1.469e-05,1.43e-05,1.468e-05,65388.0,2020-02-03 20:00:00
163,1580756400000,1.457e-05,1.458e-05,1.432e-05,1.438e-05,81317.0,2020-02-03 19:00:00
164,1580752800000,1.45e-05,1.466e-05,1.448e-05,1.454e-05,49872.0,2020-02-03 18:00:00
165,1580749200000,1.444e-05,1.458e-05,1.443e-05,1.457e-05,52657.0,2020-02-03 17:00:00
166,1580745600000,1.44e-05,1.454e-05,1.435e-05,1.454e-05,567807.0,2020-02-03 16:00:00
167,1580742000000,1.44e-05,1.447e-05,1.435e-05,1.446e-05,20733.0,2020-02-03 15:00:00
168,1580738400000,1.432e-05,1.445e-05,1.427e-05,1.44e-05,396612.0,2020-02-03 14:00:00
169,1580734800000,1.429e-05,1.44e-05,1.421e-05,1.423e-05,43363.0,2020-02-03 13:00:00
170,1580731200000,1.421e-05,1.429e-05,1.409e-05,1.426e-05,62258.0,2020-02-03 12:00:00
171,1580727600000,1.445e-05,1.447e-05,1.422e-05,1.43e-05,53454.0,2020-02-03 11:00:00
172,1580724000000,1.439e-05,1.448e-05,1.425e-05,1.444e-05,31418.0,2020-02-03 10:00:00
173,1580720400000,1.416e-05,1.451e-05,1.416e-05,1.44e-05,54887.0,2020-02-03 09:00:00
174,1580716800000,1.41e-05,1.444e-05,1.403e-05,1.423e-05,1112003.0,2020-02-03 08:00:00
175,1580713200000,1.413e-05,1.414e-05,1.4e-05,1.404e-05,30152.0,2020-02-03 07:00:00
176,1580709600000,1.412e-05,1.413e-05,1.398e-05,1.411e-05,16176.0,2020-02-03 06:00:00
177,1580706000000,1.4e-05,1.412e-05,1.4e-05,1.412e-05,40896.0,2020-02-03 05:00:00
178,1580702400000,1.403e-05,1.406e-05,1.395e-05,1.404e-05,16670.0,2020-02-03 04:00:00
179,1580698800000,1.422e-05,1.428e-05,1.386e-05,1.404e-05,387779.0,2020-02-03 03:00:00
180,1580695200000,1.412e-05,1.423e-05,1.402e-05,1.419e-05,50255.0,2020-02-03 02:00:00
181,1580691600000,1.436e-05,1.439e-05,1.403e-05,1.41e-05,76091.0,2020-02-03 01:00:00
182,1580688000000,1.419e-05,1.436e-05,1.419e-05,1.436e-05,58991.0,2020-02-03 00:00:00
183,1580684400000,1.417e-05,1.436e-05,1.417e-05,1.419e-05,11074.0,2020-02-02 23:00:00
184,1580680800000,1.438e-05,1.444e-05,1.418e-05,1.419e-05,90782.0,2020-02-02 22:00:00
185,1580677200000,1.434e-05,1.444e-05,1.431e-05,1.444e-05,30187.0,2020-02-02 21:00:00
186,1580673600000,1.433e-05,1.434e-05,1.421e-05,1.424e-05,5587.0,2020-02-02 20:00:00
187,1580670000000,1.426e-05,1.437e-05,1.42e-05,1.436e-05,493313.0,2020-02-02 19:00:00
188,1580666400000,1.429e-05,1.434e-05,1.419e-05,1.429e-05,12320.0,2020-02-02 18:00:00
189,1580662800000,1.413e-05,1.438e-05,1.413e-05,1.438e-05,37780.0,2020-02-02 17:00:00
190,1580659200000,1.462e-05,1.47e-05,1.412e-05,1.419e-05,338211.0,2020-02-02 16:00:00
191,1580655600000,1.449e-05,1.481e-05,1.437e-05,1.471e-05,2965600.0,2020-02-02 15:00:00
192,1580652000000,1.452e-05,1.464e-05,1.438e-05,1.439e-05,473525.0,2020-02-02 14:00:00
193,1580648400000,1.43e-05,1.468e-05,1.43e-05,1.452e-05,158750.0,2020-02-02 13:00:00
194,1580644800000,1.443e-05,1.443e-05,1.43e-05,1.43e-05,362466.0,2020-02-02 12:00:00
195,1580641200000,1.439e-05,1.445e-05,1.433e-05,1.434e-05,53143.0,2020-02-02 11:00:00
196,1580637600000,1.436e-05,1.442e-05,1.433e-05,1.442e-05,42154.0,2020-02-02 10:00:00
197,1580634000000,1.437e-05,1.449e-05,1.435e-05,1.436e-05,30958.0,2020-02-02 09:00:00
198,1580630400000,1.424e-05,1.45e-05,1.415e-05,1.441e-05,1631102.0,2020-02-02 08:00:00
199,1580626800000,1.442e-05,1.443e-05,1.416e-05,1.417e-05,96185.0,2020-02-02 07:00:00
200,1580623200000,1.437e-05,1.447e-05,1.425e-05,1.442e-05,25509.0,2020-02-02 06:00:00
201,1580619600000,1.432e-05,1.448e-05,1.422e-05,1.448e-05,43817.0,2020-02-02 05:00:00
202,1580616000000,1.428e-05,1.446e-05,1.427e-05,1.438e-05,660117.0,2020-02-02 04:00:00
203,1580612400000,1.44e-05,1.446e-05,1.424e-05,1.424e-05,28570.0,2020-02-02 03:00:00
204,1580608800000,1.45e-05,1.464e-05,1.438e-05,1.445e-05,49146.0,2020-02-02 02:00:00
205,1580605200000,1.421e-05,1.46e-05,1.414e-05,1.448e-05,168741.0,2020-02-02 01:00:00
206,1580601600000,1.418e-05,1.431e-05,1.411e-05,1.421e-05,68288.0,2020-02-02 00:00:00
207,1580598000000,1.408e-05,1.426e-05,1.401e-05,1.426e-05,232993.0,2020-02-01 23:00:00
208,1580594400000,1.422e-05,1.429e-05,1.407e-05,1.414e-05,135590.0,2020-02-01 22:00:00
209,1580590800000,1.444e-05,1.446e-05,1.413e-05,1.42e-05,641466.0,2020-02-01 21:00:00
210,1580587200000,1.468e-05,1.479e-05,1.437e-05,1.438e-05,600473.0,2020-02-01 20:00:00
211,1580583600000,1.459e-05,1.486e-05,1.449e-05,1.459e-05,205101.0,2020-02-01 19:00:00
212,1580580000000,1.422e-05,1.46e-05,1.417e-05,1.448e-05,306134.0,2020-02-01 18:00:00
213,1580576400000,1.414e-05,1.445e-05,1.408e-05,1.421e-05,165309.0,2020-02-01 17:00:00
214,1580572800000,1.438e-05,1.438e-05,1.408e-05,1.42e-05,890282.0,2020-02-01 16:00:00
215,1580569200000,1.45e-05,1.463e-05,1.408e-05,1.436e-05,2192932.0,2020-02-01 15:00:00
216,1580565600000,1.433e-05,1.473e-05,1.401e-05,1.45e-05,2198769.0,2020-02-01 14:00:00
217,1580562000000,1.349e-05,1.713e-05,1.349e-05,1.434e-05,10315107.0,2020-02-01 13:00:00
218,1580558400000,1.358e-05,1.362e-05,1.349e-05,1.349e-05,9404.0,2020-02-01 12:00:00
219,1580554800000,1.352e-05,1.357e-05,1.344e-05,1.346e-05,68254.0,2020-02-01 11:00:00
220,1580551200000,1.35e-05,1.359e-05,1.343e-05,1.357e-05,89627.0,2020-02-01 10:00:00
221,1580547600000,1.33e-05,1.358e-05,1.326e-05,1.357e-05,127844.0,2020-02-01 09:00:00
222,1580544000000,1.332e-05,1.337e-05,1.323e-05,1.334e-05,49110.0,2020-02-01 08:00:00
223,1580540400000,1.329e-05,1.329e-05,1.326e-05,1.326e-05,879.0,2020-02-01 07:00:00
224,1580536800000,1.328e-05,1.34e-05,1.323e-05,1.329e-05,54289.0,2020-02-01 06:00:00
225,1580533200000,1.325e-05,1.338e-05,1.324e-05,1.328e-05,45060.0,2020-02-01 05:00:00
226,1580529600000,1.329e-05,1.329e-05,1.326e-05,1.329e-05,1067.0,2020-02-01 04:00:00
227,1580526000000,1.325e-05,1.329e-05,1.318e-05,1.329e-05,89456.0,2020-02-01 03:00:00
228,1580522400000,1.327e-05,1.327e-05,1.325e-05,1.325e-05,12141.0,2020-02-01 02:00:00
229,1580518800000,1.321e-05,1.341e-05,1.321e-05,1.327e-05,65833.0,2020-02-01 01:00:00
230,1580515200000,1.326e-05,1.326e-05,1.319e-05,1.321e-05,11102.0,2020-02-01 00:00:00
231,1580511600000,1.329e-05,1.33e-05,1.318e-05,1.329e-05,11737.0,2020-01-31 23:00:00
232,1580508000000,1.328e-05,1.339e-05,1.318e-05,1.333e-05,25865.0,2020-01-31 22:00:00
233,1580504400000,1.324e-05,1.332e-05,1.319e-05,1.319e-05,12656.0,2020-01-31 21:00:00
234,1580500800000,1.326e-05,1.328e-05,1.326e-05,1.327e-05,5429.0,2020-01-31 20:00:00
235,1580497200000,1.326e-05,1.331e-05,1.326e-05,1.326e-05,13577.0,2020-01-31 19:00:00
236,1580493600000,1.326e-05,1.327e-05,1.312e-05,1.326e-05,38757.0,2020-01-31 18:00:00
237,1580490000000,1.318e-05,1.325e-05,1.317e-05,1.325e-05,11479.0,2020-01-31 17:00:00
238,1580486400000,1.326e-05,1.349e-05,1.315e-05,1.318e-05,98268.0,2020-01-31 16:00:00
239,1580482800000,1.316e-05,1.326e-05,1.316e-05,1.319e-05,1563.0,2020-01-31 15:00:00
240,1580479200000,1.322e-05,1.322e-05,1.322e-05,1.322e-05,1.0,2020-01-31 14:00:00
241,1580475600000,1.317e-05,1.322e-05,1.317e-05,1.317e-05,5902.0,2020-01-31 13:00:00
242,1580472000000,1.325e-05,1.327e-05,1.317e-05,1.317e-05,5952.0,2020-01-31 12:00:00
243,1580468400000,1.326e-05,1.336e-05,1.319e-05,1.325e-05,44935.0,2020-01-31 11:00:00
244,1580464800000,1.325e-05,1.326e-05,1.315e-05,1.317e-05,16220.0,2020-01-31 10:00:00
245,1580461200000,1.32e-05,1.327e-05,1.314e-05,1.315e-05,10545.0,2020-01-31 09:00:00
246,1580457600000,1.318e-05,1.327e-05,1.315e-05,1.318e-05,8412.0,2020-01-31 08:00:00
247,1580454000000,1.319e-05,1.323e-05,1.315e-05,1.318e-05,18970.0,2020-01-31 07:00:00
248,1580450400000,1.319e-05,1.326e-05,1.315e-05,1.321e-05,32655.0,2020-01-31 06:00:00
249,1580446800000,1.315e-05,1.32e-05,1.313e-05,1.32e-05,7096.0,2020-01-31 05:00:00
250,1580443200000,1.309e-05,1.327e-05,1.308e-05,1.318e-05,28199.0,2020-01-31 04:00:00
251,1580439600000,1.3e-05,1.308e-05,1.299e-05,1.308e-05,18253.0,2020-01-31 03:00:00
252,1580436000000,1.296e-05,1.306e-05,1.293e-05,1.299e-05,15479.0,2020-01-31 02:00:00
253,1580432400000,1.291e-05,1.304e-05,1.291e-05,1.299e-05,20250.0,2020-01-31 01:00:00
254,1580428800000,1.286e-05,1.299e-05,1.285e-05,1.291e-05,21539.0,2020-01-31 00:00:00
255,1580425200000,1.29e-05,1.294e-05,1.283e-05,1.285e-05,36237.0,2020-01-30 23:00:00
256,1580421600000,1.287e-05,1.291e-05,1.28e-05,1.285e-05,24368.0,2020-01-30 22:00:00
257,1580418000000,1.294e-05,1.296e-05,1.286e-05,1.294e-05,6707.0,2020-01-30 21:00:00
258,1580414400000,1.3e-05,1.301e-05,1.284e-05,1.295e-05,14690.0,2020-01-30 20:00:00
259,1580410800000,1.284e-05,1.342e-05,1.284e-05,1.298e-05,1449916.0,2020-01-30 19:00:00
260,1580407200000,1.316e-05,1.32e-05,1.277e-05,1.283e-05,123773.0,2020-01-30 18:00:00
261,1580403600000,1.325e-05,1.333e-05,1.31e-05,1.32e-05,22802.0,2020-01-30 17:00:00
262,1580400000000,1.313e-05,1.332e-05,1.313e-05,1.332e-05,99456.0,2020-01-30 16:00:00
263,1580396400000,1.308e-05,1.319e-05,1.303e-05,1.312e-05,32214.0,2020-01-30 15:00:00
264,1580392800000,1.319e-05,1.324e-05,1.3e-05,1.306e-05,69494.0,2020-01-30 14:00:00
265,1580389200000,1.333e-05,1.338e-05,1.319e-05,1.324e-05,55507.0,2020-01-30 13:00:00
266,1580385600000,1.342e-05,1.344e-05,1.326e-05,1.334e-05,39440.0,2020-01-30 12:00:00
267,1580382000000,1.32e-05,1.342e-05,1.314e-05,1.342e-05,137901.0,2020-01-30 11:00:00
268,1580378400000,1.336e-05,1.336e-05,1.309e-05,1.33e-05,148801.0,2020-01-30 10:00:00
269,1580374800000,1.336e-05,1.35e-05,1.32e-05,1.333e-05,126644.0,2020-01-30 09:00:00
270,1580371200000,1.353e-05,1.391e-05,1.335e-05,1.335e-05,228271.0,2020-01-30 08:00:00
271,1580367600000,1.397e-05,1.422e-05,1.351e-05,1.354e-05,1486802.0,2020-01-30 07:00:00
272,1580364000000,1.379e-05,1.498e-05,1.367e-05,1.4e-05,3520954.0,2020-01-30 06:00:00
273,1580360400000,1.361e-05,1.379e-05,1.361e-05,1.379e-05,9002.0,2020-01-30 05:00:00
274,1580356800000,1.351e-05,1.363e-05,1.345e-05,1.361e-05,4978.0,2020-01-30 04:00:00
275,1580353200000,1.351e-05,1.357e-05,1.345e-05,1.357e-05,12000.0,2020-01-30 03:00:00
276,1580349600000,1.342e-05,1.359e-05,1.342e-05,1.348e-05,1353.0,2020-01-30 02:00:00
277,1580346000000,1.339e-05,1.35e-05,1.338e-05,1.35e-05,183.0,2020-01-30 01:00:00
278,1580342400000,1.335e-05,1.351e-05,1.331e-05,1.34e-05,2850.0,2020-01-30 00:00:00
279,1580338800000,1.345e-05,1.356e-05,1.339e-05,1.34e-05,9226.0,2020-01-29 23:00:00
280,1580335200000,1.325e-05,1.39e-05,1.318e-05,1.355e-05,205770.0,2020-01-29 22:00:00
281,1580331600000,1.332e-05,1.334e-05,1.325e-05,1.33e-05,3926.0,2020-01-29 21:00:00
282,1580328000000,1.319e-05,1.319e-05,1.319e-05,1.319e-05,67.0,2020-01-29 20:00:00
283,1580324400000,1.323e-05,1.323e-05,1.319e-05,1.32e-05,5168.0,2020-01-29 19:00:00
284,1580320800000,1.335e-05,1.335e-05,1.323e-05,1.323e-05,866.0,2020-01-29 18:00:00
285,1580317200000,1.339e-05,1.339e-05,1.335e-05,1.335e-05,149.0,2020-01-29 17:00:00
286,1580313600000,1.338e-05,1.35e-05,1.338e-05,1.347e-05,9757.0,2020-01-29 16:00:00
287,1580310000000,1.332e-05,1.337e-05,1.33e-05,1.335e-05,25065.0,2020-01-29 15:00:00
288,1580306400000,1.331e-05,1.338e-05,1.322e-05,1.333e-05,32831.0,2020-01-29 14:00:00
289,1580302800000,1.344e-05,1.345e-05,1.331e-05,1.331e-05,21136.0,2020-01-29 13:00:00
290,1580299200000,1.344e-05,1.351e-05,1.343e-05,1.351e-05,5482.0,2020-01-29 12:00:00
291,1580295600000,1.349e-05,1.358e-05,1.335e-05,1.344e-05,8401.0,2020-01-29 11:00:00
292,1580292000000,1.336e-05,1.35e-05,1.336e-05,1.336e-05,15932.0,2020-01-29 10:00:00
293,1580288400000,1.336e-05,1.342e-05,1.33e-05,1.338e-05,8656.0,2020-01-29 09:00:00
294,1580284800000,1.344e-05,1.345e-05,1.328e-05,1.328e-05,23479.0,2020-01-29 08:00:00
295,1580281200000,1.342e-05,1.344e-05,1.342e-05,1.344e-05,24.0,2020-01-29 07:00:00
296,1580277600000,1.335e-05,1.343e-05,1.335e-05,1.343e-05,2077.0,2020-01-29 06:00:00
297,1580274000000,1.347e-05,1.361e-05,1.325e-05,1.335e-05,18483.0,2020-01-29 05:00:00
298,1580270400000,1.331e-05,1.358e-05,1.33e-05,1.344e-05,26122.0,2020-01-29 04:00:00
299,1580266800000,1.332e-05,1.332e-05,1.33e-05,1.331e-05,962.0,2020-01-29 03:00:00
300,1580263200000,1.339e-05,1.339e-05,1.324e-05,1.326e-05,7816.0,2020-01-29 02:00:00
301,1580259600000,1.343e-05,1.343e-05,1.329e-05,1.342e-05,5000.0,2020-01-29 01:00:00
302,1580256000000,1.342e-05,1.349e-05,1.336e-05,1.346e-05,2387.0,2020-01-29 00:00:00
303,1580252400000,1.359e-05,1.361e-05,1.338e-05,1.345e-05,38232.0,2020-01-28 23:00:00
304,1580248800000,1.373e-05,1.377e-05,1.361e-05,1.361e-05,3809.0,2020-01-28 22:00:00
305,1580245200000,1.371e-05,1.376e-05,1.361e-05,1.376e-05,1001.0,2020-01-28 21:00:00
306,1580241600000,1.378e-05,1.379e-05,1.362e-05,1.371e-05,7256.0,2020-01-28 20:00:00
307,1580238000000,1.373e-05,1.378e-05,1.365e-05,1.378e-05,3778.0,2020-01-28 19:00:00
308,1580234400000,1.375e-05,1.375e-05,1.364e-05,1.375e-05,19552.0,2020-01-28 18:00:00
309,1580230800000,1.371e-05,1.387e-05,1.371e-05,1.374e-05,727.0,2020-01-28 17:00:00
310,1580227200000,1.379e-05,1.383e-05,1.355e-05,1.383e-05,51716.0,2020-01-28 16:00:00
311,1580223600000,1.361e-05,1.381e-05,1.35e-05,1.381e-05,131704.0,2020-01-28 15:00:00
312,1580220000000,1.364e-05,1.371e-05,1.354e-05,1.367e-05,25513.0,2020-01-28 14:00:00
313,1580216400000,1.373e-05,1.373e-05,1.355e-05,1.364e-05,45698.0,2020-01-28 13:00:00
314,1580212800000,1.368e-05,1.384e-05,1.367e-05,1.384e-05,3947.0,2020-01-28 12:00:00
315,1580209200000,1.369e-05,1.386e-05,1.367e-05,1.368e-05,47184.0,2020-01-28 11:00:00
316,1580205600000,1.376e-05,1.382e-05,1.367e-05,1.369e-05,831.0,2020-01-28 10:00:00
317,1580202000000,1.371e-05,1.386e-05,1.368e-05,1.386e-05,10792.0,2020-01-28 09:00:00
318,1580198400000,1.379e-05,1.379e-05,1.371e-05,1.371e-05,1794.0,2020-01-28 08:00:00
319,1580194800000,1.373e-05,1.381e-05,1.364e-05,1.38e-05,7378.0,2020-01-28 07:00:00
320,1580191200000,1.37e-05,1.38e-05,1.363e-05,1.367e-05,5735.0,2020-01-28 06:00:00
321,1580187600000,1.367e-05,1.379e-05,1.366e-05,1.372e-05,11003.0,2020-01-28 05:00:00
322,1580184000000,1.371e-05,1.38e-05,1.363e-05,1.38e-05,34273.0,2020-01-28 04:00:00
323,1580180400000,1.377e-05,1.385e-05,1.368e-05,1.372e-05,42132.0,2020-01-28 03:00:00
324,1580176800000,1.368e-05,1.377e-05,1.367e-05,1.377e-05,7331.0,2020-01-28 02:00:00
325,1580173200000,1.379e-05,1.384e-05,1.368e-05,1.368e-05,5470.0,2020-01-28 01:00:00
326,1580169600000,1.387e-05,1.388e-05,1.384e-05,1.385e-05,4568.0,2020-01-28 00:00:00
327,1580166000000,1.387e-05,1.391e-05,1.379e-05,1.39e-05,4105.0,2020-01-27 23:00:00
328,1580162400000,1.386e-05,1.389e-05,1.378e-05,1.388e-05,19155.0,2020-01-27 22:00:00
329,1580158800000,1.388e-05,1.393e-05,1.383e-05,1.383e-05,6986.0,2020-01-27 21:00:00
330,1580155200000,1.404e-05,1.405e-05,1.388e-05,1.396e-05,10743.0,2020-01-27 20:00:00
331,1580151600000,1.411e-05,1.418e-05,1.401e-05,1.401e-05,16977.0,2020-01-27 19:00:00
332,1580148000000,1.421e-05,1.426e-05,1.409e-05,1.411e-05,9213.0,2020-01-27 18:00:00
333,1580144400000,1.43e-05,1.43e-05,1.42e-05,1.425e-05,1961.0,2020-01-27 17:00:00
334,1580140800000,1.437e-05,1.444e-05,1.414e-05,1.43e-05,47566.0,2020-01-27 16:00:00
335,1580137200000,1.449e-05,1.456e-05,1.433e-05,1.436e-05,33206.0,2020-01-27 15:00:00
336,1580133600000,1.453e-05,1.465e-05,1.443e-05,1.458e-05,12193.0,2020-01-27 14:00:00
337,1580130000000,1.456e-05,1.456e-05,1.433e-05,1.444e-05,28567.0,2020-01-27 13:00:00
338,1580126400000,1.459e-05,1.468e-05,1.448e-05,1.459e-05,16021.0,2020-01-27 12:00:00
339,1580122800000,1.458e-05,1.461e-05,1.453e-05,1.456e-05,1534.0,2020-01-27 11:00:00
340,1580119200000,1.458e-05,1.462e-05,1.452e-05,1.454e-05,5682.0,2020-01-27 10:00:00
341,1580115600000,1.465e-05,1.465e-05,1.442e-05,1.461e-05,27720.0,2020-01-27 09:00:00
342,1580112000000,1.467e-05,1.467e-05,1.465e-05,1.465e-05,175.0,2020-01-27 08:00:00
343,1580108400000,1.466e-05,1.466e-05,1.466e-05,1.466e-05,0.0,2020-01-27 07:00:00
344,1580104800000,1.469e-05,1.469e-05,1.466e-05,1.466e-05,1908.0,2020-01-27 06:00:00
345,1580101200000,1.465e-05,1.474e-05,1.465e-05,1.465e-05,32489.0,2020-01-27 05:00:00
346,1580097600000,1.459e-05,1.465e-05,1.459e-05,1.465e-05,122.0,2020-01-27 04:00:00
347,1580094000000,1.466e-05,1.466e-05,1.459e-05,1.466e-05,322.0,2020-01-27 03:00:00
348,1580090400000,1.459e-05,1.467e-05,1.459e-05,1.466e-05,651.0,2020-01-27 02:00:00
349,1580086800000,1.466e-05,1.469e-05,1.459e-05,1.459e-05,1262.0,2020-01-27 01:00:00
350,1580083200000,1.471e-05,1.471e-05,1.471e-05,1.471e-05,0.0,2020-01-27 00:00:00
351,1580079600000,1.463e-05,1.476e-05,1.462e-05,1.471e-05,13167.0,2020-01-26 23:00:00
352,1580076000000,1.465e-05,1.465e-05,1.463e-05,1.463e-05,9026.0,2020-01-26 22:00:00
353,1580072400000,1.463e-05,1.469e-05,1.463e-05,1.465e-05,515.0,2020-01-26 21:00:00
354,1580068800000,1.475e-05,1.475e-05,1.464e-05,1.47e-05,10382.0,2020-01-26 20:00:00
355,1580065200000,1.474e-05,1.476e-05,1.465e-05,1.476e-05,873.0,2020-01-26 19:00:00
356,1580061600000,1.481e-05,1.483e-05,1.466e-05,1.48e-05,2077.0,2020-01-26 18:00:00
357,1580058000000,1.501e-05,1.501e-05,1.455e-05,1.471e-05,57113.0,2020-01-26 17:00:00
358,1580054400000,1.501e-05,1.505e-05,1.501e-05,1.505e-05,158.0,2020-01-26 16:00:00
359,1580050800000,1.506e-05,1.506e-05,1.505e-05,1.505e-05,1467.0,2020-01-26 15:00:00
360,1580047200000,1.495e-05,1.507e-05,1.495e-05,1.504e-05,1884.0,2020-01-26 14:00:00
361,1580043600000,1.502e-05,1.502e-05,1.502e-05,1.502e-05,267.0,2020-01-26 13:00:00
362,1580040000000,1.5e-05,1.504e-05,1.5e-05,1.504e-05,3686.0,2020-01-26 12:00:00
363,1580036400000,1.495e-05,1.5e-05,1.489e-05,1.5e-05,2599.0,2020-01-26 11:00:00
364,1580032800000,1.506e-05,1.507e-05,1.495e-05,1.495e-05,10761.0,2020-01-26 10:00:00
365,1580029200000,1.504e-05,1.506e-05,1.499e-05,1.506e-05,6973.0,2020-01-26 09:00:00
366,1580025600000,1.503e-05,1.505e-05,1.503e-05,1.505e-05,1643.0,2020-01-26 08:00:00
367,1580022000000,1.502e-05,1.503e-05,1.502e-05,1.503e-05,281.0,2020-01-26 07:00:00
368,1580018400000,1.502e-05,1.502e-05,1.495e-05,1.495e-05,224.0,2020-01-26 06:00:00
369,1580014800000,1.485e-05,1.503e-05,1.479e-05,1.503e-05,38589.0,2020-01-26 05:00:00
370,1580011200000,1.486e-05,1.491e-05,1.483e-05,1.488e-05,10756.0,2020-01-26 04:00:00
371,1580007600000,1.492e-05,1.492e-05,1.486e-05,1.486e-05,2009.0,2020-01-26 03:00:00
372,1580004000000,1.495e-05,1.495e-05,1.485e-05,1.492e-05,8271.0,2020-01-26 02:00:00
373,1580000400000,1.495e-05,1.495e-05,1.495e-05,1.495e-05,0.0,2020-01-26 01:00:00
374,1579996800000,1.505e-05,1.505e-05,1.495e-05,1.495e-05,834.0,2020-01-26 00:00:00
375,1579993200000,1.497e-05,1.501e-05,1.497e-05,1.499e-05,919.0,2020-01-25 23:00:00
376,1579989600000,1.503e-05,1.521e-05,1.49e-05,1.49e-05,28051.0,2020-01-25 22:00:00
377,1579986000000,1.495e-05,1.498e-05,1.489e-05,1.492e-05,12553.0,2020-01-25 21:00:00
378,1579982400000,1.505e-05,1.505e-05,1.5e-05,1.5e-05,4.0,2020-01-25 20:00:00
379,1579978800000,1.502e-05,1.502e-05,1.498e-05,1.498e-05,934.0,2020-01-25 19:00:00
380,1579975200000,1.494e-05,1.506e-05,1.491e-05,1.506e-05,1440.0,2020-01-25 18:00:00
381,1579971600000,1.5e-05,1.503e-05,1.497e-05,1.497e-05,648.0,2020-01-25 17:00:00
382,1579968000000,1.505e-05,1.52e-05,1.5e-05,1.5e-05,11734.0,2020-01-25 16:00:00
383,1579964400000,1.489e-05,1.522e-05,1.489e-05,1.5e-05,11143.0,2020-01-25 15:00:00
384,1579960800000,1.498e-05,1.505e-05,1.489e-05,1.489e-05,5776.0,2020-01-25 14:00:00
385,1579957200000,1.499e-05,1.499e-05,1.488e-05,1.499e-05,800.0,2020-01-25 13:00:00
386,1579953600000,1.497e-05,1.512e-05,1.487e-05,1.492e-05,19535.0,2020-01-25 12:00:00
387,1579950000000,1.465e-05,1.528e-05,1.463e-05,1.497e-05,171382.0,2020-01-25 11:00:00
388,1579946400000,1.471e-05,1.481e-05,1.466e-05,1.479e-05,13836.0,2020-01-25 10:00:00
389,1579942800000,1.472e-05,1.478e-05,1.461e-05,1.472e-05,3293.0,2020-01-25 09:00:00
390,1579939200000,1.468e-05,1.472e-05,1.458e-05,1.472e-05,122.0,2020-01-25 08:00:00
391,1579935600000,1.471e-05,1.471e-05,1.471e-05,1.471e-05,65.0,2020-01-25 07:00:00
392,1579932000000,1.458e-05,1.471e-05,1.458e-05,1.46e-05,11248.0,2020-01-25 06:00:00
393,1579928400000,1.467e-05,1.472e-05,1.459e-05,1.467e-05,3319.0,2020-01-25 05:00:00
394,1579924800000,1.461e-05,1.464e-05,1.46e-05,1.46e-05,440.0,2020-01-25 04:00:00
395,1579921200000,1.466e-05,1.472e-05,1.449e-05,1.46e-05,40495.0,2020-01-25 03:00:00
396,1579917600000,1.47e-05,1.477e-05,1.466e-05,1.476e-05,6178.0,2020-01-25 02:00:00
397,1579914000000,1.48e-05,1.48e-05,1.473e-05,1.473e-05,6677.0,2020-01-25 01:00:00
398,1579910400000,1.47e-05,1.497e-05,1.47e-05,1.476e-05,47440.0,2020-01-25 00:00:00
399,1579906800000,1.488e-05,1.49e-05,1.471e-05,1.471e-05,3994.0,2020-01-24 23:00:00
400,1579903200000,1.476e-05,1.485e-05,1.474e-05,1.474e-05,14996.0,2020-01-24 22:00:00
401,1579899600000,1.475e-05,1.476e-05,1.475e-05,1.476e-05,1563.0,2020-01-24 21:00:00
402,1579896000000,1.462e-05,1.482e-05,1.458e-05,1.475e-05,43020.0,2020-01-24 20:00:00
403,1579892400000,1.461e-05,1.465e-05,1.461e-05,1.465e-05,413.0,2020-01-24 19:00:00
404,1579888800000,1.457e-05,1.468e-05,1.441e-05,1.464e-05,26317.0,2020-01-24 18:00:00
405,1579885200000,1.461e-05,1.461e-05,1.457e-05,1.457e-05,9641.0,2020-01-24 17:00:00
406,1579881600000,1.466e-05,1.477e-05,1.461e-05,1.461e-05,26766.0,2020-01-24 16:00:00
407,1579878000000,1.457e-05,1.466e-05,1.455e-05,1.466e-05,2885.0,2020-01-24 15:00:00
408,1579874400000,1.46e-05,1.465e-05,1.457e-05,1.457e-05,20316.0,2020-01-24 14:00:00
409,1579870800000,1.461e-05,1.463e-05,1.458e-05,1.458e-05,2231.0,2020-01-24 13:00:00
410,1579867200000,1.466e-05,1.476e-05,1.455e-05,1.466e-05,1436.0,2020-01-24 12:00:00
411,1579863600000,1.457e-05,1.474e-05,1.455e-05,1.46e-05,12168.0,2020-01-24 11:00:00
412,1579860000000,1.457e-05,1.465e-05,1.449e-05,1.465e-05,766.0,2020-01-24 10:00:00
413,1579856400000,1.439e-05,1.469e-05,1.439e-05,1.465e-05,29992.0,2020-01-24 09:00:00
414,1579852800000,1.437e-05,1.445e-05,1.436e-05,1.438e-05,1539.0,2020-01-24 08:00:00
415,1579849200000,1.437e-05,1.437e-05,1.433e-05,1.436e-05,1890.0,2020-01-24 07:00:00
416,1579845600000,1.437e-05,1.437e-05,1.437e-05,1.437e-05,625.0,2020-01-24 06:00:00
417,1579842000000,1.437e-05,1.438e-05,1.437e-05,1.437e-05,2991.0,2020-01-24 05:00:00
418,1579838400000,1.439e-05,1.451e-05,1.437e-05,1.437e-05,1276.0,2020-01-24 04:00:00
419,1579834800000,1.446e-05,1.447e-05,1.433e-05,1.439e-05,20735.0,2020-01-24 03:00:00
420,1579831200000,1.456e-05,1.456e-05,1.442e-05,1.446e-05,2195.0,2020-01-24 02:00:00
421,1579827600000,1.456e-05,1.457e-05,1.45e-05,1.45e-05,6169.0,2020-01-24 01:00:00
422,1579824000000,1.47e-05,1.47e-05,1.452e-05,1.461e-05,7876.0,2020-01-24 00:00:00
423,1579820400000,1.465e-05,1.471e-05,1.458e-05,1.464e-05,6547.0,2020-01-23 23:00:00
424,1579816800000,1.482e-05,1.482e-05,1.452e-05,1.464e-05,24850.0,2020-01-23 22:00:00
425,1579813200000,1.471e-05,1.492e-05,1.456e-05,1.475e-05,27968.0,2020-01-23 21:00:00
426,1579809600000,1.445e-05,1.47e-05,1.445e-05,1.462e-05,22838.0,2020-01-23 20:00:00
427,1579806000000,1.446e-05,1.446e-05,1.44e-05,1.442e-05,16715.0,2020-01-23 19:00:00
428,1579802400000,1.45e-05,1.45e-05,1.436e-05,1.446e-05,12549.0,2020-01-23 18:00:00
429,1579798800000,1.453e-05,1.453e-05,1.449e-05,1.451e-05,5020.0,2020-01-23 17:00:00
430,1579795200000,1.453e-05,1.454e-05,1.44e-05,1.449e-05,12125.0,2020-01-23 16:00:00
431,1579791600000,1.461e-05,1.461e-05,1.436e-05,1.453e-05,50034.0,2020-01-23 15:00:00
432,1579788000000,1.45e-05,1.463e-05,1.442e-05,1.461e-05,6687.0,2020-01-23 14:00:00
433,1579784400000,1.453e-05,1.463e-05,1.448e-05,1.463e-05,342.0,2020-01-23 13:00:00
434,1579780800000,1.454e-05,1.454e-05,1.454e-05,1.454e-05,4467.0,2020-01-23 12:00:00
435,1579777200000,1.464e-05,1.467e-05,1.456e-05,1.457e-05,3606.0,2020-01-23 11:00:00
436,1579773600000,1.45e-05,1.465e-05,1.449e-05,1.465e-05,1329.0,2020-01-23 10:00:00
437,1579770000000,1.455e-05,1.473e-05,1.455e-05,1.455e-05,29583.0,2020-01-23 09:00:00
438,1579766400000,1.445e-05,1.455e-05,1.433e-05,1.455e-05,11685.0,2020-01-23 08:00:00
439,1579762800000,1.451e-05,1.451e-05,1.439e-05,1.445e-05,13230.0,2020-01-23 07:00:00
440,1579759200000,1.465e-05,1.465e-05,1.442e-05,1.457e-05,6693.0,2020-01-23 06:00:00
441,1579755600000,1.465e-05,1.472e-05,1.451e-05,1.464e-05,7873.0,2020-01-23 05:00:00
442,1579752000000,1.462e-05,1.476e-05,1.462e-05,1.465e-05,5280.0,2020-01-23 04:00:00
443,1579748400000,1.471e-05,1.471e-05,1.471e-05,1.471e-05,20.0,2020-01-23 03:00:00
444,1579744800000,1.472e-05,1.474e-05,1.462e-05,1.462e-05,5221.0,2020-01-23 02:00:00
445,1579741200000,1.468e-05,1.47e-05,1.468e-05,1.468e-05,1163.0,2020-01-23 01:00:00
446,1579737600000,1.463e-05,1.477e-05,1.463e-05,1.477e-05,1105.0,2020-01-23 00:00:00
447,1579734000000,1.476e-05,1.478e-05,1.463e-05,1.463e-05,931.0,2020-01-22 23:00:00
448,1579730400000,1.462e-05,1.477e-05,1.462e-05,1.477e-05,8030.0,2020-01-22 22:00:00
449,1579726800000,1.462e-05,1.463e-05,1.462e-05,1.462e-05,547.0,2020-01-22 21:00:00
450,1579723200000,1.463e-05,1.463e-05,1.463e-05,1.463e-05,21.0,2020-01-22 20:00:00
451,1579719600000,1.462e-05,1.467e-05,1.459e-05,1.462e-05,21149.0,2020-01-22 19:00:00
452,1579716000000,1.457e-05,1.463e-05,1.451e-05,1.463e-05,4405.0,2020-01-22 18:00:00
453,1579712400000,1.472e-05,1.472e-05,1.455e-05,1.457e-05,11115.0,2020-01-22 17:00:00
454,1579708800000,1.479e-05,1.483e-05,1.468e-05,1.474e-05,11101.0,2020-01-22 16:00:00
455,1579705200000,1.471e-05,1.489e-05,1.465e-05,1.481e-05,45298.0,2020-01-22 15:00:00
456,1579701600000,1.465e-05,1.49e-05,1.457e-05,1.481e-05,17044.0,2020-01-22 14:00:00
457,1579698000000,1.47e-05,1.47e-05,1.453e-05,1.454e-05,5898.0,2020-01-22 13:00:00
458,1579694400000,1.465e-05,1.466e-05,1.446e-05,1.465e-05,23300.0,2020-01-22 12:00:00
459,1579690800000,1.455e-05,1.472e-05,1.454e-05,1.464e-05,19985.0,2020-01-22 11:00:00
460,1579687200000,1.468e-05,1.48e-05,1.45e-05,1.455e-05,36752.0,2020-01-22 10:00:00
461,1579683600000,1.451e-05,1.478e-05,1.451e-05,1.469e-05,13433.0,2020-01-22 09:00:00
462,1579680000000,1.452e-05,1.452e-05,1.448e-05,1.452e-05,1974.0,2020-01-22 08:00:00
463,1579676400000,1.451e-05,1.451e-05,1.451e-05,1.451e-05,1089.0,2020-01-22 07:00:00
464,1579672800000,1.445e-05,1.454e-05,1.445e-05,1.454e-05,2369.0,2020-01-22 06:00:00
465,1579669200000,1.446e-05,1.454e-05,1.445e-05,1.454e-05,1545.0,2020-01-22 05:00:00
466,1579665600000,1.448e-05,1.448e-05,1.445e-05,1.446e-05,828.0,2020-01-22 04:00:00
467,1579662000000,1.44e-05,1.445e-05,1.438e-05,1.445e-05,5206.0,2020-01-22 03:00:00
468,1579658400000,1.462e-05,1.462e-05,1.44e-05,1.45e-05,22507.0,2020-01-22 02:00:00
469,1579654800000,1.444e-05,1.474e-05,1.444e-05,1.463e-05,19000.0,2020-01-22 01:00:00
470,1579651200000,1.438e-05,1.444e-05,1.438e-05,1.444e-05,793.0,2020-01-22 00:00:00
471,1579647600000,1.431e-05,1.431e-05,1.428e-05,1.428e-05,526.0,2020-01-21 23:00:00
472,1579644000000,1.434e-05,1.437e-05,1.434e-05,1.436e-05,20273.0,2020-01-21 22:00:00
473,1579640400000,1.437e-05,1.446e-05,1.426e-05,1.446e-05,10894.0,2020-01-21 21:00:00
474,1579636800000,1.436e-05,1.446e-05,1.431e-05,1.438e-05,8556.0,2020-01-21 20:00:00
475,1579633200000,1.438e-05,1.468e-05,1.409e-05,1.436e-05,67168.0,2020-01-21 19:00:00
476,1579629600000,1.434e-05,1.452e-05,1.429e-05,1.429e-05,69339.0,2020-01-21 18:00:00
477,1579626000000,1.431e-05,1.439e-05,1.424e-05,1.434e-05,48397.0,2020-01-21 17:00:00
478,1579622400000,1.432e-05,1.441e-05,1.428e-05,1.441e-05,21262.0,2020-01-21 16:00:00
479,1579618800000,1.426e-05,1.448e-05,1.426e-05,1.432e-05,17235.0,2020-01-21 15:00:00
480,1579615200000,1.435e-05,1.44e-05,1.42e-05,1.43e-05,12296.0,2020-01-21 14:00:00
481,1579611600000,1.438e-05,1.439e-05,1.43e-05,1.435e-05,3446.0,2020-01-21 13:00:00
482,1579608000000,1.44e-05,1.44e-05,1.427e-05,1.438e-05,15063.0,2020-01-21 12:00:00
483,1579604400000,1.44e-05,1.441e-05,1.44e-05,1.44e-05,1643.0,2020-01-21 11:00:00
484,1579600800000,1.432e-05,1.446e-05,1.432e-05,1.44e-05,6598.0,2020-01-21 10:00:00
485,1579597200000,1.432e-05,1.432e-05,1.432e-05,1.432e-05,1580.0,2020-01-21 09:00:00
486,1579593600000,1.428e-05,1.434e-05,1.428e-05,1.433e-05,1629.0,2020-01-21 08:00:00
487,1579590000000,1.436e-05,1.436e-05,1.428e-05,1.428e-05,1702.0,2020-01-21 07:00:00
488,1579586400000,1.432e-05,1.44e-05,1.428e-05,1.429e-05,3797.0,2020-01-21 06:00:00
489,1579582800000,1.432e-05,1.432e-05,1.432e-05,1.432e-05,10105.0,2020-01-21 05:00:00
490,1579579200000,1.435e-05,1.44e-05,1.434e-05,1.44e-05,997.0,2020-01-21 04:00:00
491,1579575600000,1.442e-05,1.442e-05,1.434e-05,1.434e-05,3989.0,2020-01-21 03:00:00
492,1579572000000,1.433e-05,1.442e-05,1.432e-05,1.442e-05,4382.0,2020-01-21 02:00:00
493,1579568400000,1.431e-05,1.439e-05,1.429e-05,1.432e-05,3556.0,2020-01-21 01:00:00
494,1579564800000,1.428e-05,1.441e-05,1.428e-05,1.441e-05,1280.0,2020-01-21 00:00:00
495,1579561200000,1.436e-05,1.436e-05,1.428e-05,1.428e-05,439.0,2020-01-20 23:00:00
496,1579557600000,1.447e-05,1.447e-05,1.43e-05,1.431e-05,18201.0,2020-01-20 22:00:00
497,1579554000000,1.447e-05,1.449e-05,1.438e-05,1.448e-05,755.0,2020-01-20 21:00:00
498,1579550400000,1.431e-05,1.454e-05,1.431e-05,1.44e-05,16239.0,2020-01-20 20:00:00
499,1579546800000,1.436e-05,1.438e-05,1.427e-05,1.427e-05,17668.0,2020-01-20 19:00:00
500,1579543200000,1.447e-05,1.448e-05,1.434e-05,1.438e-05,3309.0,2020-01-20 18:00:00
501,1579539600000,1.432e-05,1.45e-05,1.427e-05,1.432e-05,139696.0,2020-01-20 17:00:00
502,1579536000000,1.431e-05,1.431e-05,1.427e-05,1.427e-05,12977.0,2020-01-20 16:00:00
503,1579532400000,1.416e-05,1.431e-05,1.411e-05,1.431e-05,47567.0,2020-01-20 15:00:00
504,1579528800000,1.419e-05,1.425e-05,1.411e-05,1.423e-05,9982.0,2020-01-20 14:00:00
505,1579525200000,1.421e-05,1.422e-05,1.405e-05,1.419e-05,11500.0,2020-01-20 13:00:00
506,1579521600000,1.43e-05,1.43e-05,1.411e-05,1.421e-05,13979.0,2020-01-20 12:00:00
507,1579518000000,1.417e-05,1.43e-05,1.411e-05,1.43e-05,12220.0,2020-01-20 11:00:00
508,1579514400000,1.42e-05,1.428e-05,1.416e-05,1.428e-05,7244.0,2020-01-20 10:00:00
509,1579510800000,1.429e-05,1.431e-05,1.411e-05,1.418e-05,16216.0,2020-01-20 09:00:00
510,1579507200000,1.422e-05,1.431e-05,1.419e-05,1.421e-05,3372.0,2020-01-20 08:00:00
511,1579503600000,1.431e-05,1.436e-05,1.419e-05,1.419e-05,51037.0,2020-01-20 07:00:00
512,1579500000000,1.422e-05,1.434e-05,1.419e-05,1.431e-05,10961.0,2020-01-20 06:00:00
513,1579496400000,1.423e-05,1.44e-05,1.416e-05,1.433e-05,123873.0,2020-01-20 05:00:00
514,1579492800000,1.429e-05,1.432e-05,1.428e-05,1.432e-05,9212.0,2020-01-20 04:00:00
515,1579489200000,1.424e-05,1.435e-05,1.42e-05,1.429e-05,29154.0,2020-01-20 03:00:00
516,1579485600000,1.423e-05,1.444e-05,1.421e-05,1.424e-05,22117.0,2020-01-20 02:00:00
517,1579482000000,1.434e-05,1.461e-05,1.421e-05,1.425e-05,102542.0,2020-01-20 01:00:00
518,1579478400000,1.468e-05,1.468e-05,1.425e-05,1.436e-05,82980.0,2020-01-20 00:00:00
519,1579474800000,1.427e-05,1.475e-05,1.425e-05,1.465e-05,267970.0,2020-01-19 23:00:00
520,1579471200000,1.413e-05,1.428e-05,1.405e-05,1.428e-05,46627.0,2020-01-19 22:00:00
521,1579467600000,1.412e-05,1.426e-05,1.404e-05,1.413e-05,93896.0,2020-01-19 21:00:00
522,1579464000000,1.437e-05,1.439e-05,1.409e-05,1.41e-05,70543.0,2020-01-19 20:00:00
523,1579460400000,1.414e-05,1.438e-05,1.411e-05,1.437e-05,87107.0,2020-01-19 19:00:00
524,1579456800000,1.457e-05,1.457e-05,1.388e-05,1.42e-05,238839.0,2020-01-19 18:00:00
525,1579453200000,1.481e-05,1.481e-05,1.424e-05,1.458e-05,301075.0,2020-01-19 17:00:00
526,1579449600000,1.52e-05,1.524e-05,1.467e-05,1.481e-05,353215.0,2020-01-19 16:00:00
527,1579446000000,1.446e-05,1.649e-05,1.438e-05,1.518e-05,4447380.0,2020-01-19 15:00:00
528,1579442400000,1.417e-05,1.45e-05,1.417e-05,1.446e-05,80486.0,2020-01-19 14:00:00
529,1579438800000,1.425e-05,1.435e-05,1.413e-05,1.415e-05,74187.0,2020-01-19 13:00:00
530,1579435200000,1.44e-05,1.449e-05,1.413e-05,1.425e-05,77428.0,2020-01-19 12:00:00
531,1579431600000,1.45e-05,1.468e-05,1.413e-05,1.439e-05,175282.0,2020-01-19 11:00:00
532,1579428000000,1.463e-05,1.474e-05,1.45e-05,1.45e-05,45329.0,2020-01-19 10:00:00
533,1579424400000,1.452e-05,1.473e-05,1.447e-05,1.456e-05,116281.0,2020-01-19 09:00:00
534,1579420800000,1.453e-05,1.461e-05,1.443e-05,1.451e-05,82738.0,2020-01-19 08:00:00
535,1579417200000,1.477e-05,1.482e-05,1.442e-05,1.444e-05,154753.0,2020-01-19 07:00:00
536,1579413600000,1.486e-05,1.49e-05,1.47e-05,1.476e-05,34296.0,2020-01-19 06:00:00
537,1579410000000,1.513e-05,1.528e-05,1.464e-05,1.486e-05,121798.0,2020-01-19 05:00:00
538,1579406400000,1.495e-05,1.527e-05,1.474e-05,1.51e-05,39337.0,2020-01-19 04:00:00
539,1579402800000,1.49e-05,1.529e-05,1.471e-05,1.493e-05,68939.0,2020-01-19 03:00:00
540,1579399200000,1.5e-05,1.515e-05,1.433e-05,1.49e-05,214875.0,2020-01-19 02:00:00
541,1579395600000,1.47e-05,1.53e-05,1.432e-05,1.515e-05,258381.0,2020-01-19 01:00:00
542,1579392000000,1.487e-05,1.51e-05,1.448e-05,1.469e-05,211817.0,2020-01-19 00:00:00
543,1579388400000,1.5e-05,1.577e-05,1.438e-05,1.491e-05,837539.0,2020-01-18 23:00:00
544,1579384800000,1.404e-05,1.631e-05,1.395e-05,1.507e-05,2687145.0,2020-01-18 22:00:00
545,1579381200000,1.409e-05,1.418e-05,1.404e-05,1.404e-05,24954.0,2020-01-18 21:00:00
546,1579377600000,1.402e-05,1.421e-05,1.386e-05,1.41e-05,38879.0,2020-01-18 20:00:00
547,1579374000000,1.402e-05,1.402e-05,1.389e-05,1.402e-05,11670.0,2020-01-18 19:00:00
548,1579370400000,1.394e-05,1.424e-05,1.386e-05,1.402e-05,72632.0,2020-01-18 18:00:00
549,1579366800000,1.381e-05,1.393e-05,1.381e-05,1.393e-05,8185.0,2020-01-18 17:00:00
550,1579363200000,1.38e-05,1.384e-05,1.38e-05,1.38e-05,3339.0,2020-01-18 16:00:00
551,1579359600000,1.388e-05,1.4e-05,1.377e-05,1.38e-05,13084.0,2020-01-18 15:00:00
552,1579356000000,1.387e-05,1.401e-05,1.386e-05,1.388e-05,40284.0,2020-01-18 14:00:00
553,1579352400000,1.391e-05,1.396e-05,1.383e-05,1.388e-05,19126.0,2020-01-18 13:00:00
554,1579348800000,1.379e-05,1.393e-05,1.378e-05,1.393e-05,5300.0,2020-01-18 12:00:00
555,1579345200000,1.394e-05,1.395e-05,1.379e-05,1.379e-05,17486.0,2020-01-18 11:00:00
556,1579341600000,1.389e-05,1.412e-05,1.383e-05,1.383e-05,30840.0,2020-01-18 10:00:00
557,1579338000000,1.392e-05,1.408e-05,1.373e-05,1.389e-05,27719.0,2020-01-18 09:00:00
558,1579334400000,1.393e-05,1.411e-05,1.387e-05,1.395e-05,26420.0,2020-01-18 08:00:00
559,1579330800000,1.37e-05,1.392e-05,1.366e-05,1.392e-05,14707.0,2020-01-18 07:00:00
560,1579327200000,1.362e-05,1.374e-05,1.362e-05,1.373e-05,16252.0,2020-01-18 06:00:00
561,1579323600000,1.361e-05,1.369e-05,1.354e-05,1.358e-05,3281.0,2020-01-18 05:00:00
562,1579320000000,1.368e-05,1.37e-05,1.36e-05,1.37e-05,3803.0,2020-01-18 04:00:00
563,1579316400000,1.379e-05,1.379e-05,1.368e-05,1.368e-05,16212.0,2020-01-18 03:00:00
564,1579312800000,1.375e-05,1.379e-05,1.372e-05,1.372e-05,17387.0,2020-01-18 02:00:00
565,1579309200000,1.381e-05,1.382e-05,1.374e-05,1.375e-05,4865.0,2020-01-18 01:00:00
566,1579305600000,1.379e-05,1.384e-05,1.372e-05,1.384e-05,24325.0,2020-01-18 00:00:00
567,1579302000000,1.376e-05,1.385e-05,1.363e-05,1.379e-05,21112.0,2020-01-17 23:00:00
568,1579298400000,1.362e-05,1.376e-05,1.343e-05,1.368e-05,27692.0,2020-01-17 22:00:00
569,1579294800000,1.361e-05,1.37e-05,1.354e-05,1.354e-05,12824.0,2020-01-17 21:00:00
570,1579291200000,1.341e-05,1.361e-05,1.341e-05,1.361e-05,34665.0,2020-01-17 20:00:00
571,1579287600000,1.363e-05,1.367e-05,1.339e-05,1.341e-05,25890.0,2020-01-17 19:00:00
572,1579284000000,1.366e-05,1.381e-05,1.353e-05,1.365e-05,34335.0,2020-01-17 18:00:00
573,1579280400000,1.339e-05,1.385e-05,1.339e-05,1.365e-05,204633.0,2020-01-17 17:00:00
574,1579276800000,1.355e-05,1.37e-05,1.337e-05,1.339e-05,46754.0,2020-01-17 16:00:00
575,1579273200000,1.386e-05,1.4e-05,1.331e-05,1.355e-05,126179.0,2020-01-17 15:00:00
576,1579269600000,1.379e-05,1.386e-05,1.372e-05,1.386e-05,13372.0,2020-01-17 14:00:00
577,1579266000000,1.377e-05,1.398e-05,1.368e-05,1.388e-05,14492.0,2020-01-17 13:00:00
578,1579262400000,1.369e-05,1.399e-05,1.369e-05,1.379e-05,31643.0,2020-01-17 12:00:00
579,1579258800000,1.363e-05,1.376e-05,1.351e-05,1.372e-05,23748.0,2020-01-17 11:00:00
580,1579255200000,1.358e-05,1.363e-05,1.355e-05,1.359e-05,10492.0,2020-01-17 10:00:00
581,1579251600000,1.365e-05,1.366e-05,1.351e-05,1.352e-05,16225.0,2020-01-17 09:00:00
582,1579248000000,1.336e-05,1.374e-05,1.331e-05,1.368e-05,64014.0,2020-01-17 08:00:00
583,1579244400000,1.333e-05,1.345e-05,1.33e-05,1.336e-05,21457.0,2020-01-17 07:00:00
584,1579240800000,1.356e-05,1.358e-05,1.317e-05,1.331e-05,50246.0,2020-01-17 06:00:00
585,1579237200000,1.369e-05,1.374e-05,1.355e-05,1.361e-05,6422.0,2020-01-17 05:00:00
586,1579233600000,1.362e-05,1.37e-05,1.355e-05,1.356e-05,5442.0,2020-01-17 04:00:00
587,1579230000000,1.379e-05,1.38e-05,1.341e-05,1.362e-05,28825.0,2020-01-17 03:00:00
588,1579226400000,1.392e-05,1.392e-05,1.37e-05,1.378e-05,22621.0,2020-01-17 02:00:00
589,1579222800000,1.392e-05,1.409e-05,1.377e-05,1.392e-05,103150.0,2020-01-17 01:00:00
590,1579219200000,1.382e-05,1.393e-05,1.377e-05,1.392e-05,28897.0,2020-01-17 00:00:00
591,1579215600000,1.402e-05,1.402e-05,1.371e-05,1.378e-05,58748.0,2020-01-16 23:00:00
592,1579212000000,1.403e-05,1.409e-05,1.402e-05,1.402e-05,982.0,2020-01-16 22:00:00
593,1579208400000,1.41e-05,1.412e-05,1.402e-05,1.402e-05,17269.0,2020-01-16 21:00:00
594,1579204800000,1.415e-05,1.455e-05,1.41e-05,1.41e-05,53563.0,2020-01-16 20:00:00
595,1579201200000,1.536e-05,1.543e-05,1.41e-05,1.415e-05,386630.0,2020-01-16 19:00:00
596,1579197600000,1.406e-05,1.54e-05,1.406e-05,1.536e-05,96693.0,2020-01-16 18:00:00
597,1579194000000,1.404e-05,1.406e-05,1.4e-05,1.406e-05,1310.0,2020-01-16 17:00:00
598,1579190400000,1.409e-05,1.421e-05,1.399e-05,1.407e-05,11460.0,2020-01-16 16:00:00
599,1579186800000,1.405e-05,1.439e-05,1.401e-05,1.42e-05,50097.0,2020-01-16 15:00:00
600,1579183200000,1.399e-05,1.4e-05,1.399e-05,1.399e-05,5059.0,2020-01-16 14:00:00
601,1579179600000,1.389e-05,1.431e-05,1.378e-05,1.402e-05,97535.0,2020-01-16 13:00:00
602,1579176000000,1.355e-05,1.389e-05,1.347e-05,1.388e-05,129240.0,2020-01-16 12:00:00
603,1579172400000,1.352e-05,1.362e-05,1.352e-05,1.354e-05,2845.0,2020-01-16 11:00:00
604,1579168800000,1.344e-05,1.361e-05,1.343e-05,1.357e-05,26587.0,2020-01-16 10:00:00
605,1579165200000,1.34e-05,1.352e-05,1.34e-05,1.342e-05,4924.0,2020-01-16 09:00:00
606,1579161600000,1.347e-05,1.351e-05,1.336e-05,1.339e-05,658.0,2020-01-16 08:00:00
607,1579158000000,1.351e-05,1.353e-05,1.336e-05,1.345e-05,2649.0,2020-01-16 07:00:00
608,1579154400000,1.345e-05,1.352e-05,1.345e-05,1.352e-05,149.0,2020-01-16 06:00:00
609,1579150800000,1.349e-05,1.365e-05,1.337e-05,1.345e-05,62493.0,2020-01-16 05:00:00
610,1579147200000,1.358e-05,1.358e-05,1.33e-05,1.348e-05,23555.0,2020-01-16 04:00:00
611,1579143600000,1.357e-05,1.361e-05,1.35e-05,1.361e-05,17796.0,2020-01-16 03:00:00
612,1579140000000,1.365e-05,1.365e-05,1.36e-05,1.36e-05,3715.0,2020-01-16 02:00:00
613,1579136400000,1.381e-05,1.382e-05,1.365e-05,1.365e-05,32690.0,2020-01-16 01:00:00
614,1579132800000,1.37e-05,1.381e-05,1.37e-05,1.381e-05,20081.0,2020-01-16 00:00:00
615,1579129200000,1.365e-05,1.372e-05,1.364e-05,1.372e-05,7847.0,2020-01-15 23:00:00
616,1579125600000,1.369e-05,1.374e-05,1.364e-05,1.366e-05,18008.0,2020-01-15 22:00:00
617,1579122000000,1.378e-05,1.378e-05,1.367e-05,1.367e-05,3078.0,2020-01-15 21:00:00
618,1579118400000,1.369e-05,1.379e-05,1.369e-05,1.379e-05,4843.0,2020-01-15 20:00:00
619,1579114800000,1.373e-05,1.376e-05,1.368e-05,1.368e-05,997.0,2020-01-15 19:00:00
620,1579111200000,1.37e-05,1.375e-05,1.365e-05,1.375e-05,3550.0,2020-01-15 18:00:00
621,1579107600000,1.363e-05,1.371e-05,1.361e-05,1.364e-05,21964.0,2020-01-15 17:00:00
622,1579104000000,1.361e-05,1.37e-05,1.357e-05,1.364e-05,61823.0,2020-01-15 16:00:00
623,1579100400000,1.373e-05,1.386e-05,1.35e-05,1.353e-05,31880.0,2020-01-15 15:00:00
624,1579096800000,1.364e-05,1.374e-05,1.339e-05,1.371e-05,128346.0,2020-01-15 14:00:00
625,1579093200000,1.387e-05,1.392e-05,1.359e-05,1.359e-05,55176.0,2020-01-15 13:00:00
626,1579089600000,1.387e-05,1.387e-05,1.376e-05,1.387e-05,599.0,2020-01-15 12:00:00
627,1579086000000,1.382e-05,1.388e-05,1.372e-05,1.378e-05,15420.0,2020-01-15 11:00:00
628,1579082400000,1.382e-05,1.385e-05,1.37e-05,1.373e-05,9242.0,2020-01-15 10:00:00
629,1579078800000,1.377e-05,1.387e-05,1.363e-05,1.378e-05,39700.0,2020-01-15 09:00:00
630,1579075200000,1.378e-05,1.378e-05,1.363e-05,1.377e-05,28102.0,2020-01-15 08:00:00
631,1579071600000,1.371e-05,1.377e-05,1.36e-05,1.377e-05,47743.0,2020-01-15 07:00:00
632,1579068000000,1.369e-05,1.375e-05,1.352e-05,1.374e-05,33523.0,2020-01-15 06:00:00
633,1579064400000,1.364e-05,1.369e-05,1.352e-05,1.362e-05,21293.0,2020-01-15 05:00:00
634,1579060800000,1.36e-05,1.378e-05,1.351e-05,1.364e-05,57601.0,2020-01-15 04:00:00
635,1579057200000,1.353e-05,1.37e-05,1.351e-05,1.36e-05,38157.0,2020-01-15 03:00:00
636,1579053600000,1.361e-05,1.361e-05,1.35e-05,1.36e-05,31024.0,2020-01-15 02:00:00
637,1579050000000,1.351e-05,1.378e-05,1.347e-05,1.353e-05,81170.0,2020-01-15 01:00:00
638,1579046400000,1.346e-05,1.352e-05,1.318e-05,1.352e-05,67044.0,2020-01-15 00:00:00
639,1579042800000,1.376e-05,1.376e-05,1.335e-05,1.345e-05,50053.0,2020-01-14 23:00:00
640,1579039200000,1.383e-05,1.386e-05,1.376e-05,1.376e-05,1456.0,2020-01-14 22:00:00
641,1579035600000,1.373e-05,1.383e-05,1.372e-05,1.374e-05,1719.0,2020-01-14 21:00:00
642,1579032000000,1.371e-05,1.387e-05,1.371e-05,1.385e-05,9627.0,2020-01-14 20:00:00
643,1579028400000,1.377e-05,1.387e-05,1.371e-05,1.382e-05,12043.0,2020-01-14 19:00:00
644,1579024800000,1.357e-05,1.387e-05,1.357e-05,1.377e-05,43978.0,2020-01-14 18:00:00
645,1579021200000,1.346e-05,1.362e-05,1.334e-05,1.353e-05,53063.0,2020-01-14 17:00:00
646,1579017600000,1.342e-05,1.352e-05,1.329e-05,1.339e-05,83953.0,2020-01-14 16:00:00
647,1579014000000,1.339e-05,1.351e-05,1.328e-05,1.338e-05,85604.0,2020-01-14 15:00:00
648,1579010400000,1.367e-05,1.367e-05,1.329e-05,1.341e-05,102810.0,2020-01-14 14:00:00
649,1579006800000,1.388e-05,1.388e-05,1.358e-05,1.363e-05,32114.0,2020-01-14 13:00:00
650,1579003200000,1.382e-05,1.396e-05,1.375e-05,1.384e-05,22187.0,2020-01-14 12:00:00
651,1578999600000,1.394e-05,1.402e-05,1.377e-05,1.382e-05,13930.0,2020-01-14 11:00:00
652,1578996000000,1.413e-05,1.416e-05,1.385e-05,1.392e-05,69121.0,2020-01-14 10:00:00
653,1578992400000,1.42e-05,1.42e-05,1.411e-05,1.416e-05,4364.0,2020-01-14 09:00:00
654,1578988800000,1.426e-05,1.426e-05,1.41e-05,1.41e-05,31068.0,2020-01-14 08:00:00
655,1578985200000,1.422e-05,1.438e-05,1.421e-05,1.424e-05,10212.0,2020-01-14 07:00:00
656,1578981600000,1.42e-05,1.422e-05,1.42e-05,1.422e-05,82.0,2020-01-14 06:00:00
657,1578978000000,1.414e-05,1.421e-05,1.41e-05,1.42e-05,11515.0,2020-01-14 05:00:00
658,1578974400000,1.42e-05,1.425e-05,1.414e-05,1.42e-05,4821.0,2020-01-14 04:00:00
659,1578970800000,1.418e-05,1.446e-05,1.417e-05,1.421e-05,20259.0,2020-01-14 03:00:00
660,1578967200000,1.422e-05,1.429e-05,1.418e-05,1.429e-05,138.0,2020-01-14 02:00:00
661,1578963600000,1.437e-05,1.437e-05,1.417e-05,1.431e-05,16433.0,2020-01-14 01:00:00
662,1578960000000,1.473e-05,1.473e-05,1.429e-05,1.437e-05,49594.0,2020-01-14 00:00:00
663,1578956400000,1.474e-05,1.474e-05,1.473e-05,1.473e-05,1109.0,2020-01-13 23:00:00
664,1578952800000,1.465e-05,1.481e-05,1.465e-05,1.473e-05,29845.0,2020-01-13 22:00:00
665,1578949200000,1.466e-05,1.466e-05,1.457e-05,1.458e-05,9673.0,2020-01-13 21:00:00
666,1578945600000,1.468e-05,1.469e-05,1.46e-05,1.461e-05,3305.0,2020-01-13 20:00:00
667,1578942000000,1.464e-05,1.47e-05,1.46e-05,1.461e-05,4134.0,2020-01-13 19:00:00
668,1578938400000,1.454e-05,1.464e-05,1.454e-05,1.464e-05,2991.0,2020-01-13 18:00:00
669,1578934800000,1.46e-05,1.464e-05,1.451e-05,1.451e-05,771.0,2020-01-13 17:00:00
670,1578931200000,1.458e-05,1.464e-05,1.456e-05,1.459e-05,7131.0,2020-01-13 16:00:00
671,1578927600000,1.454e-05,1.46e-05,1.454e-05,1.456e-05,1546.0,2020-01-13 15:00:00
672,1578924000000,1.45e-05,1.45e-05,1.45e-05,1.45e-05,542.0,2020-01-13 14:00:00
673,1578920400000,1.459e-05,1.459e-05,1.45e-05,1.45e-05,9744.0,2020-01-13 13:00:00
674,1578916800000,1.456e-05,1.456e-05,1.453e-05,1.454e-05,42917.0,2020-01-13 12:00:00
675,1578913200000,1.453e-05,1.457e-05,1.453e-05,1.456e-05,7490.0,2020-01-13 11:00:00
676,1578909600000,1.455e-05,1.459e-05,1.451e-05,1.455e-05,4256.0,2020-01-13 10:00:00
677,1578906000000,1.457e-05,1.46e-05,1.453e-05,1.455e-05,2195.0,2020-01-13 09:00:00
678,1578902400000,1.461e-05,1.461e-05,1.452e-05,1.46e-05,11145.0,2020-01-13 08:00:00
679,1578898800000,1.471e-05,1.471e-05,1.454e-05,1.469e-05,8999.0,2020-01-13 07:00:00
680,1578895200000,1.478e-05,1.478e-05,1.471e-05,1.471e-05,2444.0,2020-01-13 06:00:00
681,1578891600000,1.473e-05,1.48e-05,1.467e-05,1.467e-05,472.0,2020-01-13 05:00:00
682,1578888000000,1.472e-05,1.472e-05,1.466e-05,1.468e-05,1842.0,2020-01-13 04:00:00
683,1578884400000,1.47e-05,1.473e-05,1.462e-05,1.47e-05,25930.0,2020-01-13 03:00:00
684,1578880800000,1.484e-05,1.484e-05,1.471e-05,1.471e-05,11242.0,2020-01-13 02:00:00
685,1578877200000,1.483e-05,1.487e-05,1.47e-05,1.485e-05,17105.0,2020-01-13 01:00:00
686,1578873600000,1.488e-05,1.489e-05,1.476e-05,1.484e-05,4805.0,2020-01-13 00:00:00
687,1578870000000,1.482e-05,1.488e-05,1.472e-05,1.486e-05,29327.0,2020-01-12 23:00:00
688,1578866400000,1.485e-05,1.485e-05,1.483e-05,1.485e-05,5153.0,2020-01-12 22:00:00
689,1578862800000,1.484e-05,1.489e-05,1.482e-05,1.489e-05,881.0,2020-01-12 21:00:00
690,1578859200000,1.488e-05,1.488e-05,1.486e-05,1.486e-05,435.0,2020-01-12 20:00:00
691,1578855600000,1.481e-05,1.494e-05,1.473e-05,1.485e-05,14279.0,2020-01-12 19:00:00
692,1578852000000,1.481e-05,1.49e-05,1.477e-05,1.487e-05,4131.0,2020-01-12 18:00:00
693,1578848400000,1.491e-05,1.496e-05,1.48e-05,1.483e-05,5843.0,2020-01-12 17:00:00
694,1578844800000,1.481e-05,1.495e-05,1.477e-05,1.492e-05,15465.0,2020-01-12 16:00:00
695,1578841200000,1.509e-05,1.509e-05,1.477e-05,1.487e-05,41319.0,2020-01-12 15:00:00
696,1578837600000,1.5e-05,1.526e-05,1.499e-05,1.506e-05,14530.0,2020-01-12 14:00:00
697,1578834000000,1.501e-05,1.516e-05,1.499e-05,1.5e-05,7171.0,2020-01-12 13:00:00
698,1578830400000,1.495e-05,1.527e-05,1.492e-05,1.493e-05,78710.0,2020-01-12 12:00:00
699,1578826800000,1.489e-05,1.52e-05,1.489e-05,1.496e-05,54468.0,2020-01-12 11:00:00
700,1578823200000,1.466e-05,1.496e-05,1.466e-05,1.496e-05,25216.0,2020-01-12 10:00:00
701,1578819600000,1.466e-05,1.471e-05,1.454e-05,1.465e-05,15035.0,2020-01-12 09:00:00
702,1578816000000,1.475e-05,1.479e-05,1.464e-05,1.466e-05,14841.0,2020-01-12 08:00:00
703,1578812400000,1.479e-05,1.486e-05,1.464e-05,1.473e-05,23489.0,2020-01-12 07:00:00
704,1578808800000,1.476e-05,1.52e-05,1.46e-05,1.479e-05,165347.0,2020-01-12 06:00:00
705,1578805200000,1.428e-05,1.478e-05,1.428e-05,1.476e-05,69588.0,2020-01-12 05:00:00
706,1578801600000,1.428e-05,1.428e-05,1.427e-05,1.428e-05,38338.0,2020-01-12 04:00:00
707,1578798000000,1.428e-05,1.43e-05,1.427e-05,1.43e-05,2040.0,2020-01-12 03:00:00
708,1578794400000,1.432e-05,1.432e-05,1.43e-05,1.43e-05,1440.0,2020-01-12 02:00:00
709,1578790800000,1.434e-05,1.434e-05,1.424e-05,1.424e-05,3122.0,2020-01-12 01:00:00
710,1578787200000,1.435e-05,1.436e-05,1.426e-05,1.426e-05,6328.0,2020-01-12 00:00:00
711,1578783600000,1.43e-05,1.435e-05,1.425e-05,1.435e-05,3175.0,2020-01-11 23:00:00
712,1578780000000,1.427e-05,1.43e-05,1.427e-05,1.43e-05,421.0,2020-01-11 22:00:00
713,1578776400000,1.437e-05,1.437e-05,1.42e-05,1.426e-05,117918.0,2020-01-11 21:00:00
714,1578772800000,1.443e-05,1.444e-05,1.431e-05,1.433e-05,8667.0,2020-01-11 20:00:00
715,1578769200000,1.439e-05,1.446e-05,1.439e-05,1.445e-05,2961.0,2020-01-11 19:00:00
716,1578765600000,1.441e-05,1.448e-05,1.423e-05,1.431e-05,50888.0,2020-01-11 18:00:00
717,1578762000000,1.435e-05,1.443e-05,1.435e-05,1.44e-05,5366.0,2020-01-11 17:00:00
718,1578758400000,1.432e-05,1.435e-05,1.419e-05,1.433e-05,78689.0,2020-01-11 16:00:00
719,1578754800000,1.422e-05,1.436e-05,1.42e-05,1.432e-05,14737.0,2020-01-11 15:00:00
720,1578751200000,1.424e-05,1.43e-05,1.42e-05,1.422e-05,23942.0,2020-01-11 14:00:00
721,1578747600000,1.425e-05,1.435e-05,1.421e-05,1.434e-05,10549.0,2020-01-11 13:00:00
722,1578744000000,1.42e-05,1.438e-05,1.418e-05,1.436e-05,32717.0,2020-01-11 12:00:00
723,1578740400000,1.427e-05,1.429e-05,1.42e-05,1.428e-05,14578.0,2020-01-11 11:00:00
724,1578736800000,1.42e-05,1.436e-05,1.42e-05,1.427e-05,39946.0,2020-01-11 10:00:00
725,1578733200000,1.427e-05,1.429e-05,1.417e-05,1.427e-05,26522.0,2020-01-11 09:00:00
726,1578729600000,1.433e-05,1.449e-05,1.421e-05,1.421e-05,103622.0,2020-01-11 08:00:00
727,1578726000000,1.434e-05,1.439e-05,1.431e-05,1.431e-05,4658.0,2020-01-11 07:00:00
728,1578722400000,1.437e-05,1.44e-05,1.426e-05,1.427e-05,20850.0,2020-01-11 06:00:00
729,1578718800000,1.455e-05,1.456e-05,1.437e-05,1.441e-05,29388.0,2020-01-11 05:00:00
730,1578715200000,1.456e-05,1.46e-05,1.45e-05,1.45e-05,18345.0,2020-01-11 04:00:00
731,1578711600000,1.45e-05,1.459e-05,1.45e-05,1.45e-05,22277.0,2020-01-11 03:00:00
732,1578708000000,1.452e-05,1.465e-05,1.45e-05,1.45e-05,19989.0,2020-01-11 02:00:00
733,1578704400000,1.428e-05,1.466e-05,1.428e-05,1.451e-05,77184.0,2020-01-11 01:00:00
734,1578700800000,1.429e-05,1.433e-05,1.402e-05,1.427e-05,55450.0,2020-01-11 00:00:00
735,1578697200000,1.45e-05,1.46e-05,1.421e-05,1.429e-05,37501.0,2020-01-10 23:00:00
736,1578693600000,1.435e-05,1.47e-05,1.426e-05,1.45e-05,54884.0,2020-01-10 22:00:00
737,1578690000000,1.449e-05,1.452e-05,1.432e-05,1.436e-05,16390.0,2020-01-10 21:00:00
738,1578686400000,1.425e-05,1.453e-05,1.42e-05,1.453e-05,56747.0,2020-01-10 20:00:00
739,1578682800000,1.431e-05,1.443e-05,1.416e-05,1.432e-05,67098.0,2020-01-10 19:00:00
740,1578679200000,1.465e-05,1.465e-05,1.431e-05,1.438e-05,24760.0,2020-01-10 18:00:00
741,1578675600000,1.441e-05,1.468e-05,1.423e-05,1.461e-05,111082.0,2020-01-10 17:00:00
742,1578672000000,1.488e-05,1.523e-05,1.414e-05,1.445e-05,1403617.0,2020-01-10 16:00:00
743,1578668400000,1.413e-05,1.5e-05,1.411e-05,1.488e-05,969314.0,2020-01-10 15:00:00
744,1578664800000,1.43e-05,1.446e-05,1.412e-05,1.419e-05,107786.0,2020-01-10 14:00:00
745,1578661200000,1.437e-05,1.451e-05,1.419e-05,1.428e-05,338109.0,2020-01-10 13:00:00
746,1578657600000,1.44e-05,1.56e-05,1.43e-05,1.438e-05,3912357.0,2020-01-10 12:00:00
747,1578654000000,1.432e-05,1.447e-05,1.419e-05,1.443e-05,76270.0,2020-01-10 11:00:00
748,1578650400000,1.424e-05,1.432e-05,1.411e-05,1.432e-05,44615.0,2020-01-10 10:00:00
749,1578646800000,1.419e-05,1.425e-05,1.413e-05,1.425e-05,54223.0,2020-01-10 09:00:00
750,1578643200000,1.433e-05,1.433e-05,1.416e-05,1.416e-05,42460.0,2020-01-10 08:00:00
751,1578639600000,1.432e-05,1.442e-05,1.427e-05,1.428e-05,43903.0,2020-01-10 07:00:00
752,1578636000000,1.451e-05,1.452e-05,1.428e-05,1.431e-05,75266.0,2020-01-10 06:00:00
753,1578632400000,1.446e-05,1.454e-05,1.441e-05,1.451e-05,159689.0,2020-01-10 05:00:00
754,1578628800000,1.459e-05,1.47e-05,1.443e-05,1.444e-05,89437.0,2020-01-10 04:00:00
755,1578625200000,1.509e-05,1.56e-05,1.45e-05,1.462e-05,624525.0,2020-01-10 03:00:00
756,1578621600000,1.404e-05,1.53e-05,1.401e-05,1.495e-05,441303.0,2020-01-10 02:00:00
757,1578618000000,1.403e-05,1.411e-05,1.4e-05,1.407e-05,49625.0,2020-01-10 01:00:00
758,1578614400000,1.412e-05,1.412e-05,1.402e-05,1.407e-05,7313.0,2020-01-10 00:00:00
759,1578610800000,1.409e-05,1.413e-05,1.399e-05,1.41e-05,76407.0,2020-01-09 23:00:00
760,1578607200000,1.369e-05,1.412e-05,1.362e-05,1.409e-05,80695.0,2020-01-09 22:00:00
761,1578603600000,1.365e-05,1.373e-05,1.365e-05,1.372e-05,3886.0,2020-01-09 21:00:00
762,1578600000000,1.366e-05,1.37e-05,1.346e-05,1.367e-05,20285.0,2020-01-09 20:00:00
763,1578596400000,1.376e-05,1.376e-05,1.366e-05,1.366e-05,4854.0,2020-01-09 19:00:00
764,1578592800000,1.381e-05,1.383e-05,1.375e-05,1.376e-05,1893.0,2020-01-09 18:00:00
765,1578589200000,1.369e-05,1.388e-05,1.368e-05,1.381e-05,11234.0,2020-01-09 17:00:00
766,1578585600000,1.369e-05,1.37e-05,1.358e-05,1.367e-05,13338.0,2020-01-09 16:00:00
767,1578582000000,1.373e-05,1.375e-05,1.363e-05,1.37e-05,4192.0,2020-01-09 15:00:00
768,1578578400000,1.372e-05,1.375e-05,1.364e-05,1.373e-05,1793.0,2020-01-09 14:00:00
769,1578574800000,1.376e-05,1.388e-05,1.367e-05,1.368e-05,25040.0,2020-01-09 13:00:00
770,1578571200000,1.378e-05,1.385e-05,1.375e-05,1.376e-05,16445.0,2020-01-09 12:00:00
771,1578567600000,1.366e-05,1.377e-05,1.366e-05,1.377e-05,15681.0,2020-01-09 11:00:00
772,1578564000000,1.365e-05,1.366e-05,1.357e-05,1.366e-05,18506.0,2020-01-09 10:00:00
773,1578560400000,1.357e-05,1.38e-05,1.352e-05,1.372e-05,211565.0,2020-01-09 09:00:00
774,1578556800000,1.363e-05,1.364e-05,1.352e-05,1.352e-05,20477.0,2020-01-09 08:00:00
775,1578553200000,1.349e-05,1.362e-05,1.349e-05,1.362e-05,34662.0,2020-01-09 07:00:00
776,1578549600000,1.346e-05,1.355e-05,1.334e-05,1.352e-05,33905.0,2020-01-09 06:00:00
777,1578546000000,1.347e-05,1.353e-05,1.338e-05,1.346e-05,18770.0,2020-01-09 05:00:00
778,1578542400000,1.374e-05,1.374e-05,1.314e-05,1.345e-05,107771.0,2020-01-09 04:00:00
779,1578538800000,1.366e-05,1.374e-05,1.352e-05,1.374e-05,18792.0,2020-01-09 03:00:00
780,1578535200000,1.364e-05,1.368e-05,1.363e-05,1.366e-05,1695.0,2020-01-09 02:00:00
781,1578531600000,1.366e-05,1.378e-05,1.355e-05,1.357e-05,26982.0,2020-01-09 01:00:00
782,1578528000000,1.365e-05,1.369e-05,1.355e-05,1.36e-05,16823.0,2020-01-09 00:00:00
783,1578524400000,1.357e-05,1.374e-05,1.356e-05,1.361e-05,48006.0,2020-01-08 23:00:00
784,1578520800000,1.36e-05,1.37e-05,1.357e-05,1.357e-05,16052.0,2020-01-08 22:00:00
785,1578517200000,1.33e-05,1.367e-05,1.329e-05,1.366e-05,95340.0,2020-01-08 21:00:00
786,1578513600000,1.349e-05,1.454e-05,1.329e-05,1.336e-05,1643364.0,2020-01-08 20:00:00
787,1578510000000,1.349e-05,1.353e-05,1.342e-05,1.352e-05,8991.0,2020-01-08 19:00:00
788,1578506400000,1.337e-05,1.35e-05,1.336e-05,1.349e-05,33415.0,2020-01-08 18:00:00
789,1578502800000,1.345e-05,1.355e-05,1.323e-05,1.337e-05,65847.0,2020-01-08 17:00:00
790,1578499200000,1.343e-05,1.355e-05,1.335e-05,1.337e-05,71681.0,2020-01-08 16:00:00
791,1578495600000,1.331e-05,1.346e-05,1.331e-05,1.345e-05,20442.0,2020-01-08 15:00:00
792,1578492000000,1.328e-05,1.351e-05,1.327e-05,1.331e-05,35107.0,2020-01-08 14:00:00
793,1578488400000,1.347e-05,1.362e-05,1.314e-05,1.331e-05,113260.0,2020-01-08 13:00:00
794,1578484800000,1.381e-05,1.45e-05,1.329e-05,1.347e-05,2230259.0,2020-01-08 12:00:00
795,1578481200000,1.318e-05,1.5e-05,1.318e-05,1.378e-05,3483633.0,2020-01-08 11:00:00
796,1578477600000,1.328e-05,1.332e-05,1.315e-05,1.317e-05,23519.0,2020-01-08 10:00:00
797,1578474000000,1.326e-05,1.332e-05,1.326e-05,1.332e-05,3510.0,2020-01-08 09:00:00
798,1578470400000,1.324e-05,1.338e-05,1.324e-05,1.326e-05,16577.0,2020-01-08 08:00:00
799,1578466800000,1.324e-05,1.324e-05,1.317e-05,1.324e-05,6696.0,2020-01-08 07:00:00
800,1578463200000,1.322e-05,1.324e-05,1.316e-05,1.323e-05,2368.0,2020-01-08 06:00:00
801,1578459600000,1.325e-05,1.326e-05,1.312e-05,1.325e-05,1793.0,2020-01-08 05:00:00
802,1578456000000,1.329e-05,1.331e-05,1.325e-05,1.325e-05,127.0,2020-01-08 04:00:00
803,1578452400000,1.332e-05,1.337e-05,1.32e-05,1.322e-05,16598.0,2020-01-08 03:00:00
804,1578448800000,1.336e-05,1.338e-05,1.312e-05,1.328e-05,27858.0,2020-01-08 02:00:00
805,1578445200000,1.332e-05,1.343e-05,1.3e-05,1.331e-05,34499.0,2020-01-08 01:00:00
806,1578441600000,1.38e-05,1.381e-05,1.321e-05,1.339e-05,62665.0,2020-01-08 00:00:00
807,1578438000000,1.39e-05,1.403e-05,1.38e-05,1.38e-05,14903.0,2020-01-07 23:00:00
808,1578434400000,1.386e-05,1.396e-05,1.383e-05,1.39e-05,9443.0,2020-01-07 22:00:00
809,1578430800000,1.384e-05,1.386e-05,1.384e-05,1.386e-05,2180.0,2020-01-07 21:00:00
810,1578427200000,1.38e-05,1.386e-05,1.375e-05,1.384e-05,6744.0,2020-01-07 20:00:00
811,1578423600000,1.386e-05,1.393e-05,1.372e-05,1.379e-05,23363.0,2020-01-07 19:00:00
812,1578420000000,1.449e-05,1.449e-05,1.38e-05,1.386e-05,111999.0,2020-01-07 18:00:00
813,1578416400000,1.437e-05,1.439e-05,1.431e-05,1.439e-05,3468.0,2020-01-07 17:00:00
814,1578412800000,1.45e-05,1.453e-05,1.437e-05,1.437e-05,4932.0,2020-01-07 16:00:00
815,1578409200000,1.448e-05,1.455e-05,1.447e-05,1.454e-05,5588.0,2020-01-07 15:00:00
816,1578405600000,1.452e-05,1.464e-05,1.446e-05,1.457e-05,3857.0,2020-01-07 14:00:00
817,1578402000000,1.456e-05,1.468e-05,1.447e-05,1.459e-05,13501.0,2020-01-07 13:00:00
818,1578398400000,1.449e-05,1.458e-05,1.445e-05,1.456e-05,11860.0,2020-01-07 12:00:00
819,1578394800000,1.472e-05,1.478e-05,1.447e-05,1.448e-05,11981.0,2020-01-07 11:00:00
820,1578391200000,1.462e-05,1.475e-05,1.456e-05,1.475e-05,14885.0,2020-01-07 10:00:00
821,1578387600000,1.463e-05,1.463e-05,1.462e-05,1.462e-05,5885.0,2020-01-07 09:00:00
822,1578384000000,1.46e-05,1.471e-05,1.456e-05,1.463e-05,10710.0,2020-01-07 08:00:00
823,1578380400000,1.46e-05,1.469e-05,1.451e-05,1.457e-05,5215.0,2020-01-07 07:00:00
824,1578376800000,1.455e-05,1.465e-05,1.454e-05,1.465e-05,14954.0,2020-01-07 06:00:00
825,1578373200000,1.454e-05,1.464e-05,1.444e-05,1.454e-05,31898.0,2020-01-07 05:00:00
826,1578369600000,1.453e-05,1.454e-05,1.447e-05,1.454e-05,9907.0,2020-01-07 04:00:00
827,1578366000000,1.458e-05,1.462e-05,1.43e-05,1.453e-05,157032.0,2020-01-07 03:00:00
828,1578362400000,1.465e-05,1.468e-05,1.449e-05,1.456e-05,4556.0,2020-01-07 02:00:00
829,1578358800000,1.461e-05,1.47e-05,1.455e-05,1.466e-05,3933.0,2020-01-07 01:00:00
830,1578355200000,1.482e-05,1.482e-05,1.462e-05,1.466e-05,11195.0,2020-01-07 00:00:00
831,1578351600000,1.478e-05,1.502e-05,1.467e-05,1.481e-05,22011.0,2020-01-06 23:00:00
832,1578348000000,1.517e-05,1.517e-05,1.465e-05,1.482e-05,98734.0,2020-01-06 22:00:00
833,1578344400000,1.527e-05,1.527e-05,1.51e-05,1.512e-05,4419.0,2020-01-06 21:00:00
834,1578340800000,1.524e-05,1.527e-05,1.521e-05,1.523e-05,1846.0,2020-01-06 20:00:00
835,1578337200000,1.534e-05,1.534e-05,1.514e-05,1.52e-05,18413.0,2020-01-06 19:00:00
836,1578333600000,1.526e-05,1.543e-05,1.525e-05,1.529e-05,19984.0,2020-01-06 18:00:00
837,1578330000000,1.522e-05,1.527e-05,1.515e-05,1.525e-05,6265.0,2020-01-06 17:00:00
838,1578326400000,1.514e-05,1.527e-05,1.513e-05,1.518e-05,1491.0,2020-01-06 16:00:00
839,1578322800000,1.519e-05,1.527e-05,1.513e-05,1.513e-05,11317.0,2020-01-06 15:00:00
840,1578319200000,1.517e-05,1.524e-05,1.509e-05,1.523e-05,9522.0,2020-01-06 14:00:00
841,1578315600000,1.524e-05,1.538e-05,1.508e-05,1.508e-05,79593.0,2020-01-06 13:00:00
842,1578312000000,1.521e-05,1.528e-05,1.505e-05,1.524e-05,15576.0,2020-01-06 12:00:00
843,1578308400000,1.542e-05,1.542e-05,1.495e-05,1.532e-05,166946.0,2020-01-06 11:00:00
844,1578304800000,1.55e-05,1.55e-05,1.536e-05,1.546e-05,19488.0,2020-01-06 10:00:00
845,1578301200000,1.545e-05,1.545e-05,1.543e-05,1.544e-05,12962.0,2020-01-06 09:00:00
846,1578297600000,1.537e-05,1.554e-05,1.534e-05,1.551e-05,16763.0,2020-01-06 08:00:00
847,1578294000000,1.538e-05,1.538e-05,1.537e-05,1.537e-05,2760.0,2020-01-06 07:00:00
848,1578290400000,1.538e-05,1.547e-05,1.537e-05,1.538e-05,12631.0,2020-01-06 06:00:00
849,1578286800000,1.547e-05,1.547e-05,1.54e-05,1.541e-05,1758.0,2020-01-06 05:00:00
850,1578283200000,1.54e-05,1.548e-05,1.537e-05,1.538e-05,10205.0,2020-01-06 04:00:00
851,1578279600000,1.544e-05,1.55e-05,1.531e-05,1.54e-05,15611.0,2020-01-06 03:00:00
852,1578276000000,1.556e-05,1.572e-05,1.536e-05,1.551e-05,44853.0,2020-01-06 02:00:00
853,1578272400000,1.577e-05,1.577e-05,1.553e-05,1.562e-05,23865.0,2020-01-06 01:00:00
854,1578268800000,1.57e-05,1.58e-05,1.57e-05,1.577e-05,136.0,2020-01-06 00:00:00
855,1578265200000,1.572e-05,1.578e-05,1.572e-05,1.578e-05,9598.0,2020-01-05 23:00:00
856,1578261600000,1.57e-05,1.578e-05,1.563e-05,1.571e-05,14147.0,2020-01-05 22:00:00
857,1578258000000,1.571e-05,1.576e-05,1.56e-05,1.57e-05,45726.0,2020-01-05 21:00:00
858,1578254400000,1.578e-05,1.579e-05,1.561e-05,1.571e-05,32792.0,2020-01-05 20:00:00
859,1578250800000,1.579e-05,1.579e-05,1.579e-05,1.579e-05,607.0,2020-01-05 19:00:00
860,1578247200000,1.582e-05,1.587e-05,1.576e-05,1.576e-05,894.0,2020-01-05 18:00:00
861,1578243600000,1.566e-05,1.582e-05,1.562e-05,1.573e-05,3278.0,2020-01-05 17:00:00
862,1578240000000,1.59e-05,1.59e-05,1.562e-05,1.57e-05,12794.0,2020-01-05 16:00:00
863,1578236400000,1.579e-05,1.594e-05,1.573e-05,1.585e-05,9038.0,2020-01-05 15:00:00
864,1578232800000,1.572e-05,1.578e-05,1.57e-05,1.578e-05,2577.0,2020-01-05 14:00:00
865,1578229200000,1.578e-05,1.583e-05,1.571e-05,1.572e-05,5021.0,2020-01-05 13:00:00
866,1578225600000,1.588e-05,1.592e-05,1.578e-05,1.578e-05,6860.0,2020-01-05 12:00:00
867,1578222000000,1.585e-05,1.586e-05,1.583e-05,1.586e-05,4690.0,2020-01-05 11:00:00
868,1578218400000,1.583e-05,1.587e-05,1.581e-05,1.586e-05,4571.0,2020-01-05 10:00:00
869,1578214800000,1.583e-05,1.585e-05,1.575e-05,1.585e-05,3553.0,2020-01-05 09:00:00
870,1578211200000,1.583e-05,1.583e-05,1.583e-05,1.583e-05,96.0,2020-01-05 08:00:00
871,1578207600000,1.591e-05,1.598e-05,1.581e-05,1.583e-05,7238.0,2020-01-05 07:00:00
872,1578204000000,1.58e-05,1.593e-05,1.575e-05,1.584e-05,1594.0,2020-01-05 06:00:00
873,1578200400000,1.58e-05,1.58e-05,1.58e-05,1.58e-05,46.0,2020-01-05 05:00:00
874,1578196800000,1.579e-05,1.583e-05,1.575e-05,1.575e-05,7335.0,2020-01-05 04:00:00
875,1578193200000,1.593e-05,1.594e-05,1.581e-05,1.581e-05,11947.0,2020-01-05 03:00:00
876,1578189600000,1.584e-05,1.597e-05,1.579e-05,1.593e-05,5498.0,2020-01-05 02:00:00
877,1578186000000,1.59e-05,1.595e-05,1.57e-05,1.584e-05,20133.0,2020-01-05 01:00:00
878,1578182400000,1.611e-05,1.616e-05,1.584e-05,1.601e-05,17898.0,2020-01-05 00:00:00
879,1578178800000,1.604e-05,1.616e-05,1.595e-05,1.612e-05,19520.0,2020-01-04 23:00:00
880,1578175200000,1.607e-05,1.61e-05,1.588e-05,1.604e-05,12638.0,2020-01-04 22:00:00
881,1578171600000,1.617e-05,1.621e-05,1.588e-05,1.607e-05,35987.0,2020-01-04 21:00:00
882,1578168000000,1.608e-05,1.622e-05,1.601e-05,1.61e-05,43139.0,2020-01-04 20:00:00
883,1578164400000,1.618e-05,1.618e-05,1.598e-05,1.608e-05,50199.0,2020-01-04 19:00:00
884,1578160800000,1.611e-05,1.618e-05,1.61e-05,1.618e-05,10630.0,2020-01-04 18:00:00
885,1578157200000,1.614e-05,1.615e-05,1.61e-05,1.614e-05,3748.0,2020-01-04 17:00:00
886,1578153600000,1.619e-05,1.619e-05,1.61e-05,1.61e-05,17591.0,2020-01-04 16:00:00
887,1578150000000,1.612e-05,1.644e-05,1.61e-05,1.621e-05,58784.0,2020-01-04 15:00:00
888,1578146400000,1.601e-05,1.613e-05,1.595e-05,1.612e-05,16045.0,2020-01-04 14:00:00
889,1578142800000,1.6e-05,1.611e-05,1.6e-05,1.6e-05,2668.0,2020-01-04 13:00:00
890,1578139200000,1.594e-05,1.6e-05,1.576e-05,1.6e-05,24902.0,2020-01-04 12:00:00
891,1578135600000,1.595e-05,1.604e-05,1.587e-05,1.594e-05,23618.0,2020-01-04 11:00:00
892,1578132000000,1.592e-05,1.611e-05,1.582e-05,1.596e-05,33840.0,2020-01-04 10:00:00
893,1578128400000,1.593e-05,1.618e-05,1.587e-05,1.587e-05,35668.0,2020-01-04 09:00:00
894,1578124800000,1.606e-05,1.612e-05,1.576e-05,1.593e-05,146100.0,2020-01-04 08:00:00
895,1578121200000,1.597e-05,1.663e-05,1.578e-05,1.602e-05,588994.0,2020-01-04 07:00:00
896,1578117600000,1.557e-05,1.61e-05,1.553e-05,1.588e-05,121428.0,2020-01-04 06:00:00
897,1578114000000,1.557e-05,1.559e-05,1.552e-05,1.552e-05,822.0,2020-01-04 05:00:00
898,1578110400000,1.559e-05,1.559e-05,1.558e-05,1.558e-05,46.0,2020-01-04 04:00:00
899,1578106800000,1.565e-05,1.566e-05,1.553e-05,1.556e-05,6858.0,2020-01-04 03:00:00
900,1578103200000,1.561e-05,1.566e-05,1.561e-05,1.566e-05,69.0,2020-01-04 02:00:00
901,1578099600000,1.564e-05,1.566e-05,1.558e-05,1.558e-05,2407.0,2020-01-04 01:00:00
902,1578096000000,1.562e-05,1.566e-05,1.549e-05,1.566e-05,21441.0,2020-01-04 00:00:00
903,1578092400000,1.557e-05,1.561e-05,1.552e-05,1.552e-05,786.0,2020-01-03 23:00:00
904,1578088800000,1.557e-05,1.557e-05,1.55e-05,1.551e-05,1096.0,2020-01-03 22:00:00
905,1578085200000,1.561e-05,1.561e-05,1.55e-05,1.555e-05,2300.0,2020-01-03 21:00:00
906,1578081600000,1.549e-05,1.563e-05,1.548e-05,1.563e-05,22473.0,2020-01-03 20:00:00
907,1578078000000,1.536e-05,1.556e-05,1.536e-05,1.55e-05,10804.0,2020-01-03 19:00:00
908,1578074400000,1.542e-05,1.547e-05,1.542e-05,1.544e-05,3571.0,2020-01-03 18:00:00
909,1578070800000,1.533e-05,1.543e-05,1.533e-05,1.542e-05,2702.0,2020-01-03 17:00:00
910,1578067200000,1.543e-05,1.548e-05,1.533e-05,1.538e-05,18916.0,2020-01-03 16:00:00
911,1578063600000,1.552e-05,1.553e-05,1.546e-05,1.551e-05,2571.0,2020-01-03 15:00:00
912,1578060000000,1.549e-05,1.552e-05,1.545e-05,1.545e-05,2830.0,2020-01-03 14:00:00
913,1578056400000,1.55e-05,1.55e-05,1.541e-05,1.541e-05,7433.0,2020-01-03 13:00:00
914,1578052800000,1.536e-05,1.554e-05,1.536e-05,1.553e-05,12016.0,2020-01-03 12:00:00
915,1578049200000,1.548e-05,1.553e-05,1.522e-05,1.542e-05,16092.0,2020-01-03 11:00:00
916,1578045600000,1.534e-05,1.558e-05,1.532e-05,1.551e-05,69464.0,2020-01-03 10:00:00
917,1578042000000,1.551e-05,1.557e-05,1.536e-05,1.536e-05,81165.0,2020-01-03 09:00:00
918,1578038400000,1.55e-05,1.56e-05,1.538e-05,1.55e-05,28056.0,2020-01-03 08:00:00
919,1578034800000,1.558e-05,1.563e-05,1.551e-05,1.551e-05,8548.0,2020-01-03 07:00:00
920,1578031200000,1.564e-05,1.567e-05,1.555e-05,1.562e-05,6688.0,2020-01-03 06:00:00
921,1578027600000,1.56e-05,1.566e-05,1.545e-05,1.563e-05,13201.0,2020-01-03 05:00:00
922,1578024000000,1.594e-05,1.598e-05,1.543e-05,1.56e-05,87130.0,2020-01-03 04:00:00
923,1578020400000,1.603e-05,1.603e-05,1.592e-05,1.594e-05,741.0,2020-01-03 03:00:00
924,1578016800000,1.601e-05,1.604e-05,1.592e-05,1.602e-05,6033.0,2020-01-03 02:00:00
925,1578013200000,1.604e-05,1.61e-05,1.602e-05,1.602e-05,12376.0,2020-01-03 01:00:00
926,1578009600000,1.618e-05,1.619e-05,1.602e-05,1.616e-05,4390.0,2020-01-03 00:00:00
927,1578006000000,1.626e-05,1.626e-05,1.607e-05,1.608e-05,20058.0,2020-01-02 23:00:00
928,1578002400000,1.613e-05,1.615e-05,1.613e-05,1.613e-05,14866.0,2020-01-02 22:00:00
929,1577998800000,1.625e-05,1.625e-05,1.613e-05,1.616e-05,10928.0,2020-01-02 21:00:00
930,1577995200000,1.619e-05,1.629e-05,1.619e-05,1.629e-05,7652.0,2020-01-02 20:00:00
931,1577991600000,1.615e-05,1.626e-05,1.615e-05,1.619e-05,14664.0,2020-01-02 19:00:00
932,1577988000000,1.62e-05,1.636e-05,1.614e-05,1.614e-05,24464.0,2020-01-02 18:00:00
933,1577984400000,1.615e-05,1.633e-05,1.61e-05,1.62e-05,86455.0,2020-01-02 17:00:00
934,1577980800000,1.62e-05,1.622e-05,1.607e-05,1.616e-05,10913.0,2020-01-02 16:00:00
935,1577977200000,1.613e-05,1.618e-05,1.613e-05,1.615e-05,5741.0,2020-01-02 15:00:00
936,1577973600000,1.62e-05,1.621e-05,1.613e-05,1.613e-05,6108.0,2020-01-02 14:00:00
937,1577970000000,1.623e-05,1.623e-05,1.612e-05,1.62e-05,18850.0,2020-01-02 13:00:00
938,1577966400000,1.631e-05,1.631e-05,1.612e-05,1.621e-05,72823.0,2020-01-02 12:00:00
939,1577962800000,1.63e-05,1.634e-05,1.63e-05,1.633e-05,13624.0,2020-01-02 11:00:00
940,1577959200000,1.648e-05,1.648e-05,1.63e-05,1.63e-05,18828.0,2020-01-02 10:00:00
941,1577955600000,1.642e-05,1.653e-05,1.642e-05,1.644e-05,13809.0,2020-01-02 09:00:00
942,1577952000000,1.618e-05,1.669e-05,1.616e-05,1.646e-05,151509.0,2020-01-02 08:00:00
943,1577948400000,1.616e-05,1.622e-05,1.611e-05,1.616e-05,158949.0,2020-01-02 07:00:00
944,1577944800000,1.637e-05,1.64e-05,1.618e-05,1.618e-05,66297.0,2020-01-02 06:00:00
945,1577941200000,1.641e-05,1.641e-05,1.641e-05,1.641e-05,328.0,2020-01-02 05:00:00
946,1577937600000,1.638e-05,1.647e-05,1.638e-05,1.641e-05,2601.0,2020-01-02 04:00:00
947,1577934000000,1.645e-05,1.658e-05,1.638e-05,1.638e-05,18729.0,2020-01-02 03:00:00
948,1577930400000,1.644e-05,1.645e-05,1.643e-05,1.645e-05,4397.0,2020-01-02 02:00:00
949,1577926800000,1.644e-05,1.644e-05,1.644e-05,1.644e-05,0.0,2020-01-02 01:00:00
950,1577923200000,1.65e-05,1.653e-05,1.644e-05,1.644e-05,8180.0,2020-01-02 00:00:00
951,1577919600000,1.657e-05,1.661e-05,1.652e-05,1.658e-05,2478.0,2020-01-01 23:00:00
952,1577916000000,1.666e-05,1.667e-05,1.65e-05,1.657e-05,22790.0,2020-01-01 22:00:00
953,1577912400000,1.673e-05,1.675e-05,1.664e-05,1.675e-05,2040.0,2020-01-01 21:00:00
954,1577908800000,1.663e-05,1.674e-05,1.663e-05,1.674e-05,259.0,2020-01-01 20:00:00
955,1577905200000,1.663e-05,1.669e-05,1.663e-05,1.663e-05,185.0,2020-01-01 19:00:00
956,1577901600000,1.659e-05,1.682e-05,1.653e-05,1.657e-05,29394.0,2020-01-01 18:00:00
957,1577898000000,1.66e-05,1.663e-05,1.659e-05,1.663e-05,1609.0,2020-01-01 17:00:00
958,1577894400000,1.652e-05,1.662e-05,1.646e-05,1.66e-05,6928.0,2020-01-01 16:00:00
959,1577890800000,1.655e-05,1.658e-05,1.644e-05,1.655e-05,5381.0,2020-01-01 15:00:00
960,1577887200000,1.66e-05,1.674e-05,1.648e-05,1.652e-05,32017.0,2020-01-01 14:00:00
961,1577883600000,1.664e-05,1.67e-05,1.647e-05,1.658e-05,15294.0,2020-01-01 13:00:00
962,1577880000000,1.676e-05,1.676e-05,1.654e-05,1.663e-05,41370.0,2020-01-01 12:00:00
963,1577876400000,1.628e-05,1.72e-05,1.626e-05,1.676e-05,605060.0,2020-01-01 11:00:00
964,1577872800000,1.622e-05,1.63e-05,1.621e-05,1.63e-05,3373.0,2020-01-01 10:00:00
965,1577869200000,1.62e-05,1.62e-05,1.62e-05,1.62e-05,0.0,2020-01-01 09:00:00
966,1577865600000,1.621e-05,1.622e-05,1.62e-05,1.62e-05,2697.0,2020-01-01 08:00:00
967,1577862000000,1.622e-05,1.624e-05,1.622e-05,1.624e-05,15.0,2020-01-01 07:00:00
968,1577858400000,1.629e-05,1.629e-05,1.613e-05,1.615e-05,10714.0,2020-01-01 06:00:00
969,1577854800000,1.637e-05,1.64e-05,1.629e-05,1.629e-05,2404.0,2020-01-01 05:00:00
970,1577851200000,1.631e-05,1.644e-05,1.62e-05,1.637e-05,10502.0,2020-01-01 04:00:00
971,1577847600000,1.618e-05,1.63e-05,1.61e-05,1.63e-05,17271.0,2020-01-01 03:00:00
972,1577844000000,1.618e-05,1.618e-05,1.618e-05,1.618e-05,449.0,2020-01-01 02:00:00
973,1577840400000,1.62e-05,1.622e-05,1.618e-05,1.618e-05,3228.0,2020-01-01 01:00:00
974,1577836800000,1.613e-05,1.623e-05,1.613e-05,1.615e-05,8917.0,2020-01-01 00:00:00
975,1577833200000,1.607e-05,1.613e-05,1.607e-05,1.613e-05,217.0,2019-12-31 23:00:00
976,1577829600000,1.616e-05,1.616e-05,1.605e-05,1.605e-05,3063.0,2019-12-31 22:00:00
977,1577826000000,1.615e-05,1.615e-05,1.615e-05,1.615e-05,1290.0,2019-12-31 21:00:00
978,1577822400000,1.609e-05,1.617e-05,1.605e-05,1.616e-05,13888.0,2019-12-31 20:00:00
979,1577818800000,1.612e-05,1.615e-05,1.608e-05,1.608e-05,1594.0,2019-12-31 19:00:00
980,1577815200000,1.617e-05,1.618e-05,1.612e-05,1.612e-05,290.0,2019-12-31 18:00:00
981,1577811600000,1.614e-05,1.617e-05,1.61e-05,1.617e-05,2386.0,2019-12-31 17:00:00
982,1577808000000,1.612e-05,1.62e-05,1.61e-05,1.615e-05,151.0,2019-12-31 16:00:00
983,1577804400000,1.619e-05,1.619e-05,1.604e-05,1.608e-05,11876.0,2019-12-31 15:00:00
984,1577800800000,1.621e-05,1.624e-05,1.617e-05,1.623e-05,9621.0,2019-12-31 14:00:00
985,1577797200000,1.618e-05,1.621e-05,1.615e-05,1.621e-05,3643.0,2019-12-31 13:00:00
986,1577793600000,1.622e-05,1.623e-05,1.618e-05,1.618e-05,853.0,2019-12-31 12:00:00
987,1577790000000,1.624e-05,1.629e-05,1.617e-05,1.619e-05,9682.0,2019-12-31 11:00:00
988,1577786400000,1.626e-05,1.628e-05,1.625e-05,1.628e-05,772.0,2019-12-31 10:00:00
989,1577782800000,1.631e-05,1.635e-05,1.626e-05,1.635e-05,1782.0,2019-12-31 09:00:00
990,1577779200000,1.626e-05,1.626e-05,1.626e-05,1.626e-05,169.0,2019-12-31 08:00:00
991,1577775600000,1.625e-05,1.633e-05,1.625e-05,1.632e-05,7382.0,2019-12-31 07:00:00
992,1577772000000,1.63e-05,1.631e-05,1.625e-05,1.625e-05,5652.0,2019-12-31 06:00:00
993,1577768400000,1.623e-05,1.631e-05,1.623e-05,1.631e-05,1604.0,2019-12-31 05:00:00
994,1577764800000,1.62e-05,1.622e-05,1.62e-05,1.622e-05,153.0,2019-12-31 04:00:00
995,1577761200000,1.621e-05,1.623e-05,1.617e-05,1.617e-05,1104.0,2019-12-31 03:00:00
996,1577757600000,1.632e-05,1.637e-05,1.62e-05,1.623e-05,7087.0,2019-12-31 02:00:00
997,1577754000000,1.621e-05,1.638e-05,1.621e-05,1.638e-05,17092.0,2019-12-31 01:00:00
998,1577750400000,1.62e-05,1.624e-05,1.62e-05,1.621e-05,7732.0,2019-12-31 00:00:00
999,1577746800000,1.618e-05,1.619e-05,1.618e-05,1.619e-05,1074.0,2019-12-30 23:00:00
1000,1577743200000,1.62e-05,1.627e-05,1.618e-05,1.62e-05,930.0,2019-12-30 22:00:00
1001,1577739600000,1.62e-05,1.624e-05,1.614e-05,1.624e-05,5464.0,2019-12-30 21:00:00
1002,1577736000000,1.621e-05,1.623e-05,1.613e-05,1.622e-05,585.0,2019-12-30 20:00:00
1003,1577732400000,1.618e-05,1.618e-05,1.608e-05,1.615e-05,16079.0,2019-12-30 19:00:00
1004,1577728800000,1.627e-05,1.627e-05,1.618e-05,1.618e-05,1383.0,2019-12-30 18:00:00
1005,1577725200000,1.623e-05,1.627e-05,1.623e-05,1.627e-05,2006.0,2019-12-30 17:00:00
1006,1577721600000,1.625e-05,1.626e-05,1.621e-05,1.626e-05,2717.0,2019-12-30 16:00:00
1007,1577718000000,1.632e-05,1.633e-05,1.621e-05,1.622e-05,7435.0,2019-12-30 15:00:00
1008,1577714400000,1.639e-05,1.64e-05,1.628e-05,1.636e-05,2286.0,2019-12-30 14:00:00
1009,1577710800000,1.629e-05,1.639e-05,1.625e-05,1.628e-05,8335.0,2019-12-30 13:00:00
1010,1577707200000,1.631e-05,1.639e-05,1.626e-05,1.639e-05,8792.0,2019-12-30 12:00:00
1011,1577703600000,1.628e-05,1.635e-05,1.627e-05,1.633e-05,1908.0,2019-12-30 11:00:00
1012,1577700000000,1.632e-05,1.637e-05,1.623e-05,1.634e-05,36123.0,2019-12-30 10:00:00
1013,1577696400000,1.639e-05,1.64e-05,1.631e-05,1.632e-05,6523.0,2019-12-30 09:00:00
1014,1577692800000,1.636e-05,1.643e-05,1.629e-05,1.64e-05,8500.0,2019-12-30 08:00:00
1015,1577689200000,1.651e-05,1.659e-05,1.631e-05,1.641e-05,45489.0,2019-12-30 07:00:00
1016,1577685600000,1.65e-05,1.656e-05,1.624e-05,1.651e-05,40119.0,2019-12-30 06:00:00
1017,1577682000000,1.636e-05,1.652e-05,1.635e-05,1.649e-05,24737.0,2019-12-30 05:00:00
1018,1577678400000,1.627e-05,1.639e-05,1.623e-05,1.639e-05,6995.0,2019-12-30 04:00:00
1019,1577674800000,1.64e-05,1.64e-05,1.623e-05,1.623e-05,15388.0,2019-12-30 03:00:00
1020,1577671200000,1.646e-05,1.646e-05,1.63e-05,1.643e-05,3330.0,2019-12-30 02:00:00
1021,1577667600000,1.643e-05,1.652e-05,1.637e-05,1.648e-05,1224.0,2019-12-30 01:00:00
1022,1577664000000,1.634e-05,1.655e-05,1.634e-05,1.64e-05,26103.0,2019-12-30 00:00:00
1023,1577660400000,1.66e-05,1.661e-05,1.626e-05,1.632e-05,62929.0,2019-12-29 23:00:00
1024,1577656800000,1.674e-05,1.695e-05,1.66e-05,1.661e-05,42827.0,2019-12-29 22:00:00
1025,1577653200000,1.648e-05,1.702e-05,1.634e-05,1.669e-05,166222.0,2019-12-29 21:00:00
1026,1577649600000,1.613e-05,1.7e-05,1.613e-05,1.644e-05,374940.0,2019-12-29 20:00:00
1027,1577646000000,1.608e-05,1.615e-05,1.606e-05,1.609e-05,4623.0,2019-12-29 19:00:00
1028,1577642400000,1.606e-05,1.64e-05,1.598e-05,1.612e-05,138543.0,2019-12-29 18:00:00
1029,1577638800000,1.6e-05,1.606e-05,1.6e-05,1.601e-05,1465.0,2019-12-29 17:00:00
1030,1577635200000,1.594e-05,1.605e-05,1.594e-05,1.6e-05,12018.0,2019-12-29 16:00:00
1031,1577631600000,1.581e-05,1.593e-05,1.58e-05,1.593e-05,4673.0,2019-12-29 15:00:00
1032,1577628000000,1.572e-05,1.586e-05,1.572e-05,1.58e-05,15598.0,2019-12-29 14:00:00
1033,1577624400000,1.583e-05,1.587e-05,1.572e-05,1.574e-05,37172.0,2019-12-29 13:00:00
1034,1577620800000,1.578e-05,1.585e-05,1.562e-05,1.577e-05,64504.0,2019-12-29 12:00:00
1035,1577617200000,1.592e-05,1.596e-05,1.572e-05,1.58e-05,114519.0,2019-12-29 11:00:00
1036,1577613600000,1.589e-05,1.604e-05,1.572e-05,1.592e-05,11190.0,2019-12-29 10:00:00
1037,1577610000000,1.568e-05,1.61e-05,1.566e-05,1.592e-05,108409.0,2019-12-29 09:00:00
1038,1577606400000,1.572e-05,1.572e-05,1.571e-05,1.571e-05,843.0,2019-12-29 08:00:00
1039,1577602800000,1.576e-05,1.582e-05,1.568e-05,1.571e-05,4944.0,2019-12-29 07:00:00
1040,1577599200000,1.575e-05,1.575e-05,1.575e-05,1.575e-05,166.0,2019-12-29 06:00:00
1041,1577595600000,1.568e-05,1.576e-05,1.568e-05,1.576e-05,546.0,2019-12-29 05:00:00
1042,1577592000000,1.571e-05,1.571e-05,1.571e-05,1.571e-05,125.0,2019-12-29 04:00:00
1043,1577588400000,1.571e-05,1.576e-05,1.566e-05,1.567e-05,1318.0,2019-12-29 03:00:00
1044,1577584800000,1.571e-05,1.571e-05,1.571e-05,1.571e-05,15.0,2019-12-29 02:00:00
1045,1577581200000,1.564e-05,1.571e-05,1.563e-05,1.571e-05,1349.0,2019-12-29 01:00:00
1046,1577577600000,1.589e-05,1.589e-05,1.565e-05,1.565e-05,42764.0,2019-12-29 00:00:00
1047,1577574000000,1.585e-05,1.597e-05,1.579e-05,1.59e-05,19554.0,2019-12-28 23:00:00
1048,1577570400000,1.575e-05,1.585e-05,1.572e-05,1.585e-05,7305.0,2019-12-28 22:00:00
1049,1577566800000,1.569e-05,1.575e-05,1.568e-05,1.575e-05,6699.0,2019-12-28 21:00:00
1050,1577563200000,1.577e-05,1.577e-05,1.577e-05,1.577e-05,190.0,2019-12-28 20:00:00
1051,1577559600000,1.579e-05,1.579e-05,1.577e-05,1.577e-05,919.0,2019-12-28 19:00:00
1052,1577556000000,1.581e-05,1.582e-05,1.579e-05,1.579e-05,817.0,2019-12-28 18:00:00
1053,1577552400000,1.57e-05,1.57e-05,1.57e-05,1.57e-05,6814.0,2019-12-28 17:00:00
1054,1577548800000,1.572e-05,1.574e-05,1.57e-05,1.57e-05,15546.0,2019-12-28 16:00:00
1055,1577545200000,1.579e-05,1.579e-05,1.572e-05,1.572e-05,3029.0,2019-12-28 15:00:00
1056,1577541600000,1.569e-05,1.583e-05,1.569e-05,1.583e-05,6817.0,2019-12-28 14:00:00
1057,1577538000000,1.569e-05,1.576e-05,1.568e-05,1.569e-05,7304.0,2019-12-28 13:00:00
1058,1577534400000,1.579e-05,1.579e-05,1.568e-05,1.578e-05,1181.0,2019-12-28 12:00:00
1059,1577530800000,1.571e-05,1.585e-05,1.567e-05,1.58e-05,10594.0,2019-12-28 11:00:00
1060,1577527200000,1.58e-05,1.581e-05,1.572e-05,1.573e-05,13600.0,2019-12-28 10:00:00
1061,1577523600000,1.598e-05,1.603e-05,1.579e-05,1.58e-05,16368.0,2019-12-28 09:00:00
1062,1577520000000,1.594e-05,1.6e-05,1.589e-05,1.6e-05,10441.0,2019-12-28 08:00:00
1063,1577516400000,1.599e-05,1.605e-05,1.599e-05,1.602e-05,1206.0,2019-12-28 07:00:00
1064,1577512800000,1.602e-05,1.604e-05,1.593e-05,1.596e-05,1938.0,2019-12-28 06:00:00
1065,1577509200000,1.585e-05,1.602e-05,1.575e-05,1.602e-05,37828.0,2019-12-28 05:00:00
1066,1577505600000,1.587e-05,1.587e-05,1.587e-05,1.587e-05,13.0,2019-12-28 04:00:00
1067,1577502000000,1.593e-05,1.593e-05,1.584e-05,1.586e-05,886.0,2019-12-28 03:00:00
1068,1577498400000,1.588e-05,1.594e-05,1.588e-05,1.593e-05,2653.0,2019-12-28 02:00:00
1069,1577494800000,1.595e-05,1.595e-05,1.594e-05,1.595e-05,6199.0,2019-12-28 01:00:00
1070,1577491200000,1.597e-05,1.597e-05,1.582e-05,1.596e-05,4033.0,2019-12-28 00:00:00
1071,1577487600000,1.589e-05,1.6e-05,1.589e-05,1.6e-05,1617.0,2019-12-27 23:00:00
1072,1577484000000,1.583e-05,1.591e-05,1.583e-05,1.586e-05,716.0,2019-12-27 22:00:00
1073,1577480400000,1.572e-05,1.6e-05,1.572e-05,1.59e-05,8727.0,2019-12-27 21:00:00
1074,1577476800000,1.579e-05,1.579e-05,1.569e-05,1.569e-05,3182.0,2019-12-27 20:00:00
1075,1577473200000,1.578e-05,1.578e-05,1.578e-05,1.578e-05,0.0,2019-12-27 19:00:00
1076,1577469600000,1.578e-05,1.578e-05,1.578e-05,1.578e-05,831.0,2019-12-27 18:00:00
1077,1577466000000,1.577e-05,1.578e-05,1.577e-05,1.578e-05,205.0,2019-12-27 17:00:00
1078,1577462400000,1.584e-05,1.588e-05,1.569e-05,1.569e-05,3276.0,2019-12-27 16:00:00
1079,1577458800000,1.57e-05,1.588e-05,1.57e-05,1.588e-05,1956.0,2019-12-27 15:00:00
1080,1577455200000,1.57e-05,1.575e-05,1.57e-05,1.57e-05,199.0,2019-12-27 14:00:00
1081,1577451600000,1.574e-05,1.574e-05,1.558e-05,1.561e-05,7357.0,2019-12-27 13:00:00
1082,1577448000000,1.574e-05,1.587e-05,1.566e-05,1.566e-05,24922.0,2019-12-27 12:00:00
1083,1577444400000,1.571e-05,1.588e-05,1.571e-05,1.578e-05,10088.0,2019-12-27 11:00:00
1084,1577440800000,1.567e-05,1.603e-05,1.564e-05,1.573e-05,44543.0,2019-12-27 10:00:00
1085,1577437200000,1.577e-05,1.577e-05,1.559e-05,1.567e-05,18248.0,2019-12-27 09:00:00
1086,1577433600000,1.581e-05,1.586e-05,1.575e-05,1.575e-05,16988.0,2019-12-27 08:00:00
1087,1577430000000,1.569e-05,1.585e-05,1.569e-05,1.581e-05,2539.0,2019-12-27 07:00:00
1088,1577426400000,1.571e-05,1.582e-05,1.568e-05,1.569e-05,6038.0,2019-12-27 06:00:00
1089,1577422800000,1.57e-05,1.571e-05,1.566e-05,1.566e-05,601.0,2019-12-27 05:00:00
1090,1577419200000,1.565e-05,1.57e-05,1.562e-05,1.57e-05,143.0,2019-12-27 04:00:00
1091,1577415600000,1.561e-05,1.561e-05,1.561e-05,1.561e-05,0.0,2019-12-27 03:00:00
1092,1577412000000,1.567e-05,1.574e-05,1.56e-05,1.561e-05,890.0,2019-12-27 02:00:00
1093,1577408400000,1.562e-05,1.571e-05,1.562e-05,1.571e-05,8.0,2019-12-27 01:00:00
1094,1577404800000,1.555e-05,1.566e-05,1.553e-05,1.562e-05,999.0,2019-12-27 00:00:00
1095,1577401200000,1.567e-05,1.567e-05,1.553e-05,1.555e-05,955.0,2019-12-26 23:00:00
1096,1577397600000,1.56e-05,1.568e-05,1.553e-05,1.567e-05,121.0,2019-12-26 22:00:00
1097,1577394000000,1.564e-05,1.573e-05,1.558e-05,1.569e-05,751.0,2019-12-26 21:00:00
1098,1577390400000,1.576e-05,1.582e-05,1.564e-05,1.574e-05,7498.0,2019-12-26 20:00:00
1099,1577386800000,1.564e-05,1.586e-05,1.564e-05,1.575e-05,15656.0,2019-12-26 19:00:00
1100,1577383200000,1.552e-05,1.564e-05,1.549e-05,1.561e-05,1453.0,2019-12-26 18:00:00
1101,1577379600000,1.558e-05,1.559e-05,1.551e-05,1.559e-05,12624.0,2019-12-26 17:00:00
1102,1577376000000,1.554e-05,1.562e-05,1.553e-05,1.558e-05,11993.0,2019-12-26 16:00:00
1103,1577372400000,1.558e-05,1.558e-05,1.555e-05,1.555e-05,1636.0,2019-12-26 15:00:00
1104,1577368800000,1.557e-05,1.559e-05,1.557e-05,1.557e-05,4432.0,2019-12-26 14:00:00
1105,1577365200000,1.553e-05,1.554e-05,1.548e-05,1.548e-05,4177.0,2019-12-26 13:00:00
1106,1577361600000,1.56e-05,1.56e-05,1.546e-05,1.546e-05,6539.0,2019-12-26 12:00:00
1107,1577358000000,1.561e-05,1.561e-05,1.549e-05,1.549e-05,7798.0,2019-12-26 11:00:00
1108,1577354400000,1.554e-05,1.564e-05,1.551e-05,1.553e-05,4152.0,2019-12-26 10:00:00
1109,1577350800000,1.547e-05,1.551e-05,1.546e-05,1.546e-05,10191.0,2019-12-26 09:00:00
1110,1577347200000,1.554e-05,1.554e-05,1.546e-05,1.551e-05,114.0,2019-12-26 08:00:00
1111,1577343600000,1.566e-05,1.57e-05,1.552e-05,1.552e-05,8909.0,2019-12-26 07:00:00
1112,1577340000000,1.566e-05,1.566e-05,1.566e-05,1.566e-05,89.0,2019-12-26 06:00:00
1113,1577336400000,1.558e-05,1.558e-05,1.558e-05,1.558e-05,0.0,2019-12-26 05:00:00
1114,1577332800000,1.559e-05,1.566e-05,1.555e-05,1.558e-05,3056.0,2019-12-26 04:00:00
1115,1577329200000,1.56e-05,1.561e-05,1.56e-05,1.56e-05,2670.0,2019-12-26 03:00:00
1116,1577325600000,1.553e-05,1.562e-05,1.549e-05,1.56e-05,19023.0,2019-12-26 02:00:00
1117,1577322000000,1.567e-05,1.567e-05,1.545e-05,1.551e-05,71882.0,2019-12-26 01:00:00
1118,1577318400000,1.568e-05,1.568e-05,1.567e-05,1.567e-05,717.0,2019-12-26 00:00:00
1119,1577314800000,1.567e-05,1.576e-05,1.567e-05,1.576e-05,847.0,2019-12-25 23:00:00
1120,1577311200000,1.572e-05,1.58e-05,1.567e-05,1.567e-05,7215.0,2019-12-25 22:00:00
1121,1577307600000,1.563e-05,1.572e-05,1.563e-05,1.572e-05,1419.0,2019-12-25 21:00:00
1122,1577304000000,1.563e-05,1.563e-05,1.563e-05,1.563e-05,56.0,2019-12-25 20:00:00
1123,1577300400000,1.568e-05,1.571e-05,1.561e-05,1.563e-05,399.0,2019-12-25 19:00:00
1124,1577296800000,1.568e-05,1.57e-05,1.557e-05,1.563e-05,12864.0,2019-12-25 18:00:00
1125,1577293200000,1.571e-05,1.573e-05,1.567e-05,1.573e-05,9289.0,2019-12-25 17:00:00
1126,1577289600000,1.58e-05,1.582e-05,1.571e-05,1.571e-05,3352.0,2019-12-25 16:00:00
1127,1577286000000,1.578e-05,1.589e-05,1.578e-05,1.589e-05,757.0,2019-12-25 15:00:00
1128,1577282400000,1.572e-05,1.584e-05,1.568e-05,1.581e-05,5577.0,2019-12-25 14:00:00
1129,1577278800000,1.567e-05,1.576e-05,1.566e-05,1.566e-05,16181.0,2019-12-25 13:00:00
1130,1577275200000,1.582e-05,1.583e-05,1.566e-05,1.566e-05,1845.0,2019-12-25 12:00:00
1131,1577271600000,1.584e-05,1.584e-05,1.568e-05,1.582e-05,17485.0,2019-12-25 11:00:00
1132,1577268000000,1.593e-05,1.595e-05,1.584e-05,1.584e-05,9055.0,2019-12-25 10:00:00
1133,1577264400000,1.584e-05,1.594e-05,1.578e-05,1.587e-05,1803.0,2019-12-25 09:00:00
1134,1577260800000,1.583e-05,1.599e-05,1.578e-05,1.584e-05,7131.0,2019-12-25 08:00:00
1135,1577257200000,1.595e-05,1.605e-05,1.582e-05,1.583e-05,4275.0,2019-12-25 07:00:00
1136,1577253600000,1.6e-05,1.611e-05,1.599e-05,1.604e-05,2026.0,2019-12-25 06:00:00
1137,1577250000000,1.6e-05,1.6e-05,1.597e-05,1.598e-05,2060.0,2019-12-25 05:00:00
1138,1577246400000,1.6e-05,1.6e-05,1.585e-05,1.594e-05,2392.0,2019-12-25 04:00:00
1139,1577242800000,1.605e-05,1.607e-05,1.593e-05,1.593e-05,1402.0,2019-12-25 03:00:00
1140,1577239200000,1.599e-05,1.601e-05,1.592e-05,1.598e-05,6630.0,2019-12-25 02:00:00
1141,1577235600000,1.608e-05,1.608e-05,1.592e-05,1.602e-05,6962.0,2019-12-25 01:00:00
1142,1577232000000,1.607e-05,1.608e-05,1.603e-05,1.608e-05,219.0,2019-12-25 00:00:00
1143,1577228400000,1.597e-05,1.62e-05,1.592e-05,1.607e-05,51185.0,2019-12-24 23:00:00
1144,1577224800000,1.6e-05,1.602e-05,1.593e-05,1.601e-05,11780.0,2019-12-24 22:00:00
1145,1577221200000,1.6e-05,1.6e-05,1.6e-05,1.6e-05,82.0,2019-12-24 21:00:00
1146,1577217600000,1.604e-05,1.604e-05,1.604e-05,1.604e-05,2202.0,2019-12-24 20:00:00
1147,1577214000000,1.604e-05,1.609e-05,1.6e-05,1.607e-05,3253.0,2019-12-24 19:00:00
1148,1577210400000,1.597e-05,1.606e-05,1.597e-05,1.599e-05,3775.0,2019-12-24 18:00:00
1149,1577206800000,1.588e-05,1.598e-05,1.587e-05,1.597e-05,6969.0,2019-12-24 17:00:00
1150,1577203200000,1.588e-05,1.589e-05,1.588e-05,1.588e-05,90.0,2019-12-24 16:00:00
1151,1577199600000,1.586e-05,1.588e-05,1.582e-05,1.586e-05,3809.0,2019-12-24 15:00:00
1152,1577196000000,1.586e-05,1.586e-05,1.579e-05,1.579e-05,62.0,2019-12-24 14:00:00
1153,1577192400000,1.58e-05,1.588e-05,1.577e-05,1.578e-05,10030.0,2019-12-24 13:00:00
1154,1577188800000,1.577e-05,1.577e-05,1.577e-05,1.577e-05,338.0,2019-12-24 12:00:00
1155,1577185200000,1.578e-05,1.578e-05,1.576e-05,1.576e-05,104.0,2019-12-24 11:00:00
1156,1577181600000,1.575e-05,1.577e-05,1.57e-05,1.57e-05,2269.0,2019-12-24 10:00:00
1157,1577178000000,1.572e-05,1.584e-05,1.56e-05,1.575e-05,5759.0,2019-12-24 09:00:00
1158,1577174400000,1.582e-05,1.588e-05,1.577e-05,1.58e-05,6215.0,2019-12-24 08:00:00
1159,1577170800000,1.57e-05,1.582e-05,1.57e-05,1.582e-05,3630.0,2019-12-24 07:00:00
1160,1577167200000,1.572e-05,1.576e-05,1.563e-05,1.575e-05,7783.0,2019-12-24 06:00:00
1161,1577163600000,1.575e-05,1.576e-05,1.575e-05,1.576e-05,436.0,2019-12-24 05:00:00
1162,1577160000000,1.574e-05,1.576e-05,1.573e-05,1.573e-05,1149.0,2019-12-24 04:00:00
1163,1577156400000,1.581e-05,1.581e-05,1.573e-05,1.573e-05,5456.0,2019-12-24 03:00:00
1164,1577152800000,1.579e-05,1.581e-05,1.579e-05,1.581e-05,1727.0,2019-12-24 02:00:00
1165,1577149200000,1.585e-05,1.585e-05,1.578e-05,1.581e-05,4194.0,2019-12-24 01:00:00
1166,1577145600000,1.585e-05,1.589e-05,1.582e-05,1.589e-05,1655.0,2019-12-24 00:00:00
1167,1577142000000,1.577e-05,1.588e-05,1.576e-05,1.58e-05,5359.0,2019-12-23 23:00:00
1168,1577138400000,1.583e-05,1.588e-05,1.578e-05,1.58e-05,12930.0,2019-12-23 22:00:00
1169,1577134800000,1.583e-05,1.592e-05,1.574e-05,1.574e-05,7397.0,2019-12-23 21:00:00
1170,1577131200000,1.561e-05,1.581e-05,1.561e-05,1.578e-05,7443.0,2019-12-23 20:00:00
1171,1577127600000,1.589e-05,1.592e-05,1.549e-05,1.562e-05,29883.0,2019-12-23 19:00:00
1172,1577124000000,1.566e-05,1.592e-05,1.566e-05,1.592e-05,7893.0,2019-12-23 18:00:00
1173,1577120400000,1.562e-05,1.581e-05,1.562e-05,1.567e-05,7061.0,2019-12-23 17:00:00
1174,1577116800000,1.57e-05,1.577e-05,1.554e-05,1.558e-05,24337.0,2019-12-23 16:00:00
1175,1577113200000,1.578e-05,1.578e-05,1.57e-05,1.57e-05,3025.0,2019-12-23 15:00:00
1176,1577109600000,1.576e-05,1.591e-05,1.576e-05,1.58e-05,5564.0,2019-12-23 14:00:00
1177,1577106000000,1.578e-05,1.581e-05,1.569e-05,1.581e-05,14943.0,2019-12-23 13:00:00
1178,1577102400000,1.575e-05,1.577e-05,1.57e-05,1.577e-05,1254.0,2019-12-23 12:00:00
1179,1577098800000,1.577e-05,1.577e-05,1.569e-05,1.569e-05,7423.0,2019-12-23 11:00:00
1180,1577095200000,1.579e-05,1.588e-05,1.573e-05,1.582e-05,4282.0,2019-12-23 10:00:00
1181,1577091600000,1.57e-05,1.581e-05,1.567e-05,1.57e-05,16170.0,2019-12-23 09:00:00
1182,1577088000000,1.58e-05,1.58e-05,1.569e-05,1.569e-05,3122.0,2019-12-23 08:00:00
1183,1577084400000,1.577e-05,1.592e-05,1.575e-05,1.577e-05,9631.0,2019-12-23 07:00:00
1184,1577080800000,1.569e-05,1.582e-05,1.567e-05,1.575e-05,10623.0,2019-12-23 06:00:00
1185,1577077200000,1.573e-05,1.573e-05,1.562e-05,1.568e-05,7072.0,2019-12-23 05:00:00
1186,1577073600000,1.573e-05,1.588e-05,1.567e-05,1.573e-05,2790.0,2019-12-23 04:00:00
1187,1577070000000,1.578e-05,1.582e-05,1.578e-05,1.582e-05,565.0,2019-12-23 03:00:00
1188,1577066400000,1.571e-05,1.583e-05,1.571e-05,1.578e-05,228.0,2019-12-23 02:00:00
1189,1577062800000,1.59e-05,1.6e-05,1.558e-05,1.571e-05,97496.0,2019-12-23 01:00:00
1190,1577059200000,1.581e-05,1.616e-05,1.578e-05,1.579e-05,69860.0,2019-12-23 00:00:00
1191,1577055600000,1.586e-05,1.597e-05,1.581e-05,1.581e-05,444.0,2019-12-22 23:00:00
1192,1577052000000,1.588e-05,1.601e-05,1.588e-05,1.59e-05,1941.0,2019-12-22 22:00:00
1193,1577048400000,1.595e-05,1.601e-05,1.583e-05,1.588e-05,9209.0,2019-12-22 21:00:00
1194,1577044800000,1.592e-05,1.594e-05,1.592e-05,1.594e-05,3557.0,2019-12-22 20:00:00
1195,1577041200000,1.586e-05,1.592e-05,1.58e-05,1.592e-05,13403.0,2019-12-22 19:00:00
1196,1577037600000,1.597e-05,1.598e-05,1.584e-05,1.586e-05,4576.0,2019-12-22 18:00:00
1197,1577034000000,1.626e-05,1.626e-05,1.58e-05,1.601e-05,24906.0,2019-12-22 17:00:00
1198,1577030400000,1.648e-05,1.648e-05,1.619e-05,1.621e-05,15429.0,2019-12-22 16:00:00
1199,1577026800000,1.651e-05,1.651e-05,1.64e-05,1.648e-05,5445.0,2019-12-22 15:00:00
1200,1577023200000,1.658e-05,1.662e-05,1.644e-05,1.647e-05,4955.0,2019-12-22 14:00:00
1201,1577019600000,1.644e-05,1.665e-05,1.632e-05,1.662e-05,16953.0,2019-12-22 13:00:00
1202,1577016000000,1.65e-05,1.65e-05,1.627e-05,1.643e-05,10410.0,2019-12-22 12:00:00
1203,1577012400000,1.626e-05,1.653e-05,1.624e-05,1.647e-05,10927.0,2019-12-22 11:00:00
1204,1577008800000,1.623e-05,1.626e-05,1.623e-05,1.626e-05,1503.0,2019-12-22 10:00:00
1205,1577005200000,1.615e-05,1.626e-05,1.612e-05,1.621e-05,10209.0,2019-12-22 09:00:00
1206,1577001600000,1.619e-05,1.625e-05,1.601e-05,1.614e-05,33103.0,2019-12-22 08:00:00
1207,1576998000000,1.596e-05,1.619e-05,1.587e-05,1.619e-05,60010.0,2019-12-22 07:00:00
1208,1576994400000,1.596e-05,1.596e-05,1.59e-05,1.594e-05,402.0,2019-12-22 06:00:00
1209,1576990800000,1.592e-05,1.598e-05,1.586e-05,1.598e-05,3840.0,2019-12-22 05:00:00
1210,1576987200000,1.598e-05,1.598e-05,1.592e-05,1.592e-05,137.0,2019-12-22 04:00:00
1211,1576983600000,1.598e-05,1.598e-05,1.598e-05,1.598e-05,817.0,2019-12-22 03:00:00
1212,1576980000000,1.591e-05,1.598e-05,1.591e-05,1.595e-05,4316.0,2019-12-22 02:00:00
1213,1576976400000,1.591e-05,1.597e-05,1.591e-05,1.591e-05,16240.0,2019-12-22 01:00:00
1214,1576972800000,1.601e-05,1.601e-05,1.584e-05,1.591e-05,36113.0,2019-12-22 00:00:00
1215,1576969200000,1.618e-05,1.618e-05,1.598e-05,1.608e-05,15618.0,2019-12-21 23:00:00
1216,1576965600000,1.617e-05,1.617e-05,1.614e-05,1.614e-05,119.0,2019-12-21 22:00:00
1217,1576962000000,1.616e-05,1.616e-05,1.605e-05,1.609e-05,4486.0,2019-12-21 21:00:00
1218,1576958400000,1.618e-05,1.619e-05,1.616e-05,1.619e-05,1087.0,2019-12-21 20:00:00
1219,1576954800000,1.61e-05,1.618e-05,1.607e-05,1.61e-05,6275.0,2019-12-21 19:00:00
1220,1576951200000,1.6e-05,1.617e-05,1.6e-05,1.614e-05,5032.0,2019-12-21 18:00:00
1221,1576947600000,1.61e-05,1.613e-05,1.6e-05,1.6e-05,6230.0,2019-12-21 17:00:00
1222,1576944000000,1.617e-05,1.619e-05,1.61e-05,1.613e-05,1634.0,2019-12-21 16:00:00
1223,1576940400000,1.616e-05,1.617e-05,1.616e-05,1.617e-05,6261.0,2019-12-21 15:00:00
1224,1576936800000,1.626e-05,1.626e-05,1.616e-05,1.616e-05,1607.0,2019-12-21 14:00:00
1225,1576933200000,1.631e-05,1.631e-05,1.617e-05,1.617e-05,4307.0,2019-12-21 13:00:00
1226,1576929600000,1.618e-05,1.631e-05,1.618e-05,1.631e-05,4034.0,2019-12-21 12:00:00
1227,1576926000000,1.627e-05,1.627e-05,1.619e-05,1.619e-05,142.0,2019-12-21 11:00:00
1228,1576922400000,1.625e-05,1.627e-05,1.614e-05,1.619e-05,13480.0,2019-12-21 10:00:00
1229,1576918800000,1.621e-05,1.622e-05,1.621e-05,1.622e-05,4026.0,2019-12-21 09:00:00
1230,1576915200000,1.621e-05,1.621e-05,1.614e-05,1.618e-05,2916.0,2019-12-21 08:00:00
1231,1576911600000,1.629e-05,1.629e-05,1.616e-05,1.618e-05,21781.0,2019-12-21 07:00:00
1232,1576908000000,1.631e-05,1.631e-05,1.628e-05,1.628e-05,3291.0,2019-12-21 06:00:00
1233,1576904400000,1.632e-05,1.633e-05,1.621e-05,1.631e-05,3939.0,2019-12-21 05:00:00
1234,1576900800000,1.638e-05,1.638e-05,1.635e-05,1.635e-05,2327.0,2019-12-21 04:00:00
1235,1576897200000,1.638e-05,1.638e-05,1.638e-05,1.638e-05,168.0,2019-12-21 03:00:00
1236,1576893600000,1.64e-05,1.64e-05,1.64e-05,1.64e-05,90.0,2019-12-21 02:00:00
1237,1576890000000,1.641e-05,1.641e-05,1.639e-05,1.639e-05,160.0,2019-12-21 01:00:00
1238,1576886400000,1.641e-05,1.641e-05,1.636e-05,1.64e-05,1541.0,2019-12-21 00:00:00
1239,1576882800000,1.637e-05,1.642e-05,1.631e-05,1.636e-05,3654.0,2019-12-20 23:00:00
1240,1576879200000,1.635e-05,1.635e-05,1.635e-05,1.635e-05,116.0,2019-12-20 22:00:00
1241,1576875600000,1.625e-05,1.649e-05,1.625e-05,1.635e-05,31456.0,2019-12-20 21:00:00
1242,1576872000000,1.629e-05,1.629e-05,1.617e-05,1.625e-05,4336.0,2019-12-20 20:00:00
1243,1576868400000,1.629e-05,1.629e-05,1.629e-05,1.629e-05,526.0,2019-12-20 19:00:00
1244,1576864800000,1.633e-05,1.634e-05,1.633e-05,1.634e-05,2068.0,2019-12-20 18:00:00
1245,1576861200000,1.628e-05,1.633e-05,1.628e-05,1.633e-05,335.0,2019-12-20 17:00:00
1246,1576857600000,1.628e-05,1.63e-05,1.618e-05,1.626e-05,13664.0,2019-12-20 16:00:00
1247,1576854000000,1.635e-05,1.636e-05,1.629e-05,1.63e-05,4725.0,2019-12-20 15:00:00
1248,1576850400000,1.641e-05,1.641e-05,1.628e-05,1.636e-05,38181.0,2019-12-20 14:00:00
1249,1576846800000,1.627e-05,1.629e-05,1.627e-05,1.629e-05,4341.0,2019-12-20 13:00:00
1250,1576843200000,1.628e-05,1.646e-05,1.622e-05,1.627e-05,48100.0,2019-12-20 12:00:00
1251,1576839600000,1.627e-05,1.627e-05,1.627e-05,1.627e-05,1967.0,2019-12-20 11:00:00
1252,1576836000000,1.619e-05,1.626e-05,1.617e-05,1.624e-05,11572.0,2019-12-20 10:00:00
1253,1576832400000,1.632e-05,1.632e-05,1.621e-05,1.626e-05,5446.0,2019-12-20 09:00:00
1254,1576828800000,1.616e-05,1.631e-05,1.615e-05,1.631e-05,3407.0,2019-12-20 08:00:00
1255,1576825200000,1.62e-05,1.624e-05,1.616e-05,1.624e-05,3830.0,2019-12-20 07:00:00
1256,1576821600000,1.627e-05,1.627e-05,1.62e-05,1.62e-05,2402.0,2019-12-20 06:00:00
1257,1576818000000,1.624e-05,1.631e-05,1.618e-05,1.627e-05,2829.0,2019-12-20 05:00:00
1258,1576814400000,1.615e-05,1.625e-05,1.608e-05,1.625e-05,21764.0,2019-12-20 04:00:00
1259,1576810800000,1.606e-05,1.617e-05,1.597e-05,1.617e-05,15666.0,2019-12-20 03:00:00
1260,1576807200000,1.605e-05,1.608e-05,1.602e-05,1.608e-05,2818.0,2019-12-20 02:00:00
1261,1576803600000,1.609e-05,1.61e-05,1.605e-05,1.61e-05,3971.0,2019-12-20 01:00:00
1262,1576800000000,1.61e-05,1.616e-05,1.605e-05,1.608e-05,8762.0,2019-12-20 00:00:00
1263,1576796400000,1.605e-05,1.616e-05,1.605e-05,1.607e-05,10327.0,2019-12-19 23:00:00
1264,1576792800000,1.608e-05,1.612e-05,1.603e-05,1.603e-05,2429.0,2019-12-19 22:00:00
1265,1576789200000,1.611e-05,1.611e-05,1.602e-05,1.605e-05,5408.0,2019-12-19 21:00:00
1266,1576785600000,1.61e-05,1.621e-05,1.607e-05,1.611e-05,9659.0,2019-12-19 20:00:00
1267,1576782000000,1.607e-05,1.61e-05,1.602e-05,1.607e-05,4933.0,2019-12-19 19:00:00
1268,1576778400000,1.605e-05,1.608e-05,1.605e-05,1.608e-05,2484.0,2019-12-19 18:00:00
1269,1576774800000,1.607e-05,1.61e-05,1.6e-05,1.604e-05,9226.0,2019-12-19 17:00:00
1270,1576771200000,1.613e-05,1.619e-05,1.597e-05,1.608e-05,37527.0,2019-12-19 16:00:00
1271,1576767600000,1.605e-05,1.614e-05,1.6e-05,1.614e-05,10313.0,2019-12-19 15:00:00
1272,1576764000000,1.608e-05,1.609e-05,1.601e-05,1.609e-05,3829.0,2019-12-19 14:00:00
1273,1576760400000,1.602e-05,1.622e-05,1.6e-05,1.607e-05,30967.0,2019-12-19 13:00:00
1274,1576756800000,1.605e-05,1.609e-05,1.6e-05,1.601e-05,2847.0,2019-12-19 12:00:00
1275,1576753200000,1.614e-05,1.614e-05,1.607e-05,1.607e-05,7510.0,2019-12-19 11:00:00
1276,1576749600000,1.611e-05,1.621e-05,1.602e-05,1.614e-05,7001.0,2019-12-19 10:00:00
1277,1576746000000,1.606e-05,1.608e-05,1.6e-05,1.601e-05,7165.0,2019-12-19 09:00:00
1278,1576742400000,1.604e-05,1.617e-05,1.6e-05,1.612e-05,7837.0,2019-12-19 08:00:00
1279,1576738800000,1.613e-05,1.618e-05,1.602e-05,1.606e-05,4628.0,2019-12-19 07:00:00
1280,1576735200000,1.613e-05,1.613e-05,1.608e-05,1.612e-05,663.0,2019-12-19 06:00:00
1281,1576731600000,1.621e-05,1.625e-05,1.608e-05,1.621e-05,8105.0,2019-12-19 05:00:00
1282,1576728000000,1.614e-05,1.623e-05,1.614e-05,1.621e-05,3253.0,2019-12-19 04:00:00
1283,1576724400000,1.612e-05,1.616e-05,1.6e-05,1.615e-05,15232.0,2019-12-19 03:00:00
1284,1576720800000,1.605e-05,1.61e-05,1.602e-05,1.602e-05,6629.0,2019-12-19 02:00:00
1285,1576717200000,1.621e-05,1.631e-05,1.6e-05,1.605e-05,37380.0,2019-12-19 01:00:00
1286,1576713600000,1.621e-05,1.646e-05,1.614e-05,1.626e-05,25009.0,2019-12-19 00:00:00
1287,1576710000000,1.606e-05,1.627e-05,1.606e-05,1.627e-05,59414.0,2019-12-18 23:00:00
1288,1576706400000,1.658e-05,1.67e-05,1.605e-05,1.607e-05,66624.0,2019-12-18 22:00:00
1289,1576702800000,1.628e-05,1.668e-05,1.621e-05,1.657e-05,37524.0,2019-12-18 21:00:00
1290,1576699200000,1.656e-05,1.664e-05,1.614e-05,1.628e-05,110462.0,2019-12-18 20:00:00
1291,1576695600000,1.66e-05,1.663e-05,1.655e-05,1.656e-05,13175.0,2019-12-18 19:00:00
1292,1576692000000,1.661e-05,1.67e-05,1.659e-05,1.659e-05,8529.0,2019-12-18 18:00:00
1293,1576688400000,1.665e-05,1.669e-05,1.654e-05,1.657e-05,28218.0,2019-12-18 17:00:00
1294,1576684800000,1.633e-05,1.665e-05,1.626e-05,1.665e-05,52159.0,2019-12-18 16:00:00
1295,1576681200000,1.624e-05,1.64e-05,1.624e-05,1.635e-05,25022.0,2019-12-18 15:00:00
1296,1576677600000,1.611e-05,1.633e-05,1.609e-05,1.627e-05,37324.0,2019-12-18 14:00:00
1297,1576674000000,1.625e-05,1.627e-05,1.584e-05,1.609e-05,118847.0,2019-12-18 13:00:00
1298,1576670400000,1.67e-05,1.672e-05,1.619e-05,1.62e-05,36892.0,2019-12-18 12:00:00
1299,1576666800000,1.672e-05,1.676e-05,1.659e-05,1.673e-05,16469.0,2019-12-18 11:00:00
1300,1576663200000,1.655e-05,1.683e-05,1.654e-05,1.668e-05,20409.0,2019-12-18 10:00:00
1301,1576659600000,1.661e-05,1.665e-05,1.65e-05,1.655e-05,16143.0,2019-12-18 09:00:00
1302,1576656000000,1.665e-05,1.665e-05,1.665e-05,1.665e-05,945.0,2019-12-18 08:00:00
1303,1576652400000,1.669e-05,1.67e-05,1.657e-05,1.665e-05,15754.0,2019-12-18 07:00:00
1304,1576648800000,1.676e-05,1.678e-05,1.662e-05,1.669e-05,4937.0,2019-12-18 06:00:00
1305,1576645200000,1.679e-05,1.686e-05,1.677e-05,1.677e-05,1105.0,2019-12-18 05:00:00
1306,1576641600000,1.68e-05,1.686e-05,1.68e-05,1.686e-05,2037.0,2019-12-18 04:00:00
1307,1576638000000,1.682e-05,1.69e-05,1.668e-05,1.681e-05,8919.0,2019-12-18 03:00:00
1308,1576634400000,1.684e-05,1.691e-05,1.672e-05,1.672e-05,51074.0,2019-12-18 02:00:00
1309,1576630800000,1.676e-05,1.686e-05,1.67e-05,1.681e-05,21601.0,2019-12-18 01:00:00
1310,1576627200000,1.663e-05,1.689e-05,1.663e-05,1.665e-05,32281.0,2019-12-18 00:00:00
1311,1576623600000,1.673e-05,1.679e-05,1.656e-05,1.676e-05,8095.0,2019-12-17 23:00:00
1312,1576620000000,1.642e-05,1.679e-05,1.635e-05,1.671e-05,100034.0,2019-12-17 22:00:00
1313,1576616400000,1.636e-05,1.652e-05,1.622e-05,1.635e-05,91676.0,2019-12-17 21:00:00
1314,1576612800000,1.624e-05,1.64e-05,1.622e-05,1.622e-05,18005.0,2019-12-17 20:00:00
1315,1576609200000,1.663e-05,1.671e-05,1.62e-05,1.639e-05,129838.0,2019-12-17 19:00:00
1316,1576605600000,1.663e-05,1.672e-05,1.662e-05,1.671e-05,8735.0,2019-12-17 18:00:00
1317,1576602000000,1.672e-05,1.675e-05,1.663e-05,1.672e-05,13430.0,2019-12-17 17:00:00
1318,1576598400000,1.666e-05,1.674e-05,1.649e-05,1.671e-05,51060.0,2019-12-17 16:00:00
1319,1576594800000,1.678e-05,1.678e-05,1.659e-05,1.666e-05,41852.0,2019-12-17 15:00:00
1320,1576591200000,1.695e-05,1.704e-05,1.653e-05,1.677e-05,202492.0,2019-12-17 14:00:00
1321,1576587600000,1.714e-05,1.722e-05,1.685e-05,1.692e-05,80885.0,2019-12-17 13:00:00
1322,1576584000000,1.72e-05,1.723e-05,1.711e-05,1.723e-05,20862.0,2019-12-17 12:00:00
1323,1576580400000,1.717e-05,1.72e-05,1.706e-05,1.72e-05,103022.0,2019-12-17 11:00:00
1324,1576576800000,1.706e-05,1.717e-05,1.695e-05,1.717e-05,42305.0,2019-12-17 10:00:00
1325,1576573200000,1.708e-05,1.715e-05,1.683e-05,1.704e-05,62790.0,2019-12-17 09:00:00
1326,1576569600000,1.745e-05,1.751e-05,1.701e-05,1.715e-05,153335.0,2019-12-17 08:00:00
1327,1576566000000,1.751e-05,1.756e-05,1.745e-05,1.745e-05,58296.0,2019-12-17 07:00:00
1328,1576562400000,1.779e-05,1.788e-05,1.749e-05,1.756e-05,49211.0,2019-12-17 06:00:00
1329,1576558800000,1.763e-05,1.782e-05,1.75e-05,1.779e-05,104289.0,2019-12-17 05:00:00
1330,1576555200000,1.75e-05,1.778e-05,1.75e-05,1.752e-05,51957.0,2019-12-17 04:00:00
1331,1576551600000,1.795e-05,1.802e-05,1.75e-05,1.755e-05,57521.0,2019-12-17 03:00:00
1332,1576548000000,1.779e-05,1.817e-05,1.764e-05,1.802e-05,125183.0,2019-12-17 02:00:00
1333,1576544400000,1.828e-05,1.836e-05,1.765e-05,1.771e-05,176330.0,2019-12-17 01:00:00
1334,1576540800000,1.838e-05,1.847e-05,1.815e-05,1.829e-05,69030.0,2019-12-17 00:00:00
1335,1576537200000,1.854e-05,1.859e-05,1.815e-05,1.838e-05,143962.0,2019-12-16 23:00:00
1336,1576533600000,1.854e-05,1.932e-05,1.84e-05,1.853e-05,206095.0,2019-12-16 22:00:00
1337,1576530000000,1.824e-05,1.871e-05,1.82e-05,1.841e-05,90604.0,2019-12-16 21:00:00
1338,1576526400000,1.84e-05,1.87e-05,1.816e-05,1.825e-05,129846.0,2019-12-16 20:00:00
1339,1576522800000,1.833e-05,1.87e-05,1.812e-05,1.839e-05,91077.0,2019-12-16 19:00:00
1340,1576519200000,1.894e-05,1.911e-05,1.815e-05,1.834e-05,248898.0,2019-12-16 18:00:00
1341,1576515600000,1.875e-05,1.917e-05,1.865e-05,1.894e-05,125061.0,2019-12-16 17:00:00
1342,1576512000000,1.876e-05,1.876e-05,1.85e-05,1.866e-05,101515.0,2019-12-16 16:00:00
1343,1576508400000,1.883e-05,1.919e-05,1.86e-05,1.863e-05,233656.0,2019-12-16 15:00:00
1344,1576504800000,1.858e-05,1.887e-05,1.857e-05,1.875e-05,122051.0,2019-12-16 14:00:00
1345,1576501200000,1.886e-05,1.93e-05,1.851e-05,1.86e-05,296228.0,2019-12-16 13:00:00
1346,1576497600000,1.952e-05,1.991e-05,1.883e-05,1.886e-05,802780.0,2019-12-16 12:00:00
1347,1576494000000,1.879e-05,1.998e-05,1.826e-05,1.961e-05,1554866.0,2019-12-16 11:00:00
1348,1576490400000,1.786e-05,1.9e-05,1.777e-05,1.878e-05,1711502.0,2019-12-16 10:00:00
1349,1576486800000,1.755e-05,1.802e-05,1.747e-05,1.799e-05,491242.0,2019-12-16 09:00:00
1350,1576483200000,1.739e-05,1.754e-05,1.737e-05,1.753e-05,41340.0,2019-12-16 08:00:00
1351,1576479600000,1.751e-05,1.752e-05,1.737e-05,1.752e-05,17932.0,2019-12-16 07:00:00
1352,1576476000000,1.746e-05,1.751e-05,1.733e-05,1.751e-05,4435.0,2019-12-16 06:00:00
1353,1576472400000,1.742e-05,1.752e-05,1.737e-05,1.737e-05,13294.0,2019-12-16 05:00:00
1354,1576468800000,1.736e-05,1.752e-05,1.724e-05,1.742e-05,152025.0,2019-12-16 04:00:00
1355,1576465200000,1.722e-05,1.752e-05,1.722e-05,1.737e-05,50721.0,2019-12-16 03:00:00
1356,1576461600000,1.714e-05,1.723e-05,1.713e-05,1.723e-05,1293.0,2019-12-16 02:00:00
1357,1576458000000,1.717e-05,1.72e-05,1.713e-05,1.714e-05,25196.0,2019-12-16 01:00:00
1358,1576454400000,1.714e-05,1.738e-05,1.714e-05,1.734e-05,10079.0,2019-12-16 00:00:00
1359,1576450800000,1.715e-05,1.725e-05,1.707e-05,1.707e-05,11781.0,2019-12-15 23:00:00
1360,1576447200000,1.714e-05,1.714e-05,1.709e-05,1.712e-05,1903.0,2019-12-15 22:00:00
1361,1576443600000,1.705e-05,1.716e-05,1.701e-05,1.714e-05,44609.0,2019-12-15 21:00:00
1362,1576440000000,1.712e-05,1.712e-05,1.703e-05,1.703e-05,5851.0,2019-12-15 20:00:00
1363,1576436400000,1.708e-05,1.712e-05,1.704e-05,1.712e-05,14805.0,2019-12-15 19:00:00
1364,1576432800000,1.704e-05,1.71e-05,1.704e-05,1.709e-05,578.0,2019-12-15 18:00:00
1365,1576429200000,1.713e-05,1.713e-05,1.703e-05,1.704e-05,6043.0,2019-12-15 17:00:00
1366,1576425600000,1.713e-05,1.715e-05,1.704e-05,1.713e-05,3443.0,2019-12-15 16:00:00
1367,1576422000000,1.703e-05,1.72e-05,1.701e-05,1.703e-05,24196.0,2019-12-15 15:00:00
1368,1576418400000,1.709e-05,1.711e-05,1.692e-05,1.701e-05,7337.0,2019-12-15 14:00:00
1369,1576414800000,1.704e-05,1.721e-05,1.7e-05,1.701e-05,206832.0,2019-12-15 13:00:00
1370,1576411200000,1.7e-05,1.704e-05,1.697e-05,1.699e-05,2625.0,2019-12-15 12:00:00
1371,1576407600000,1.706e-05,1.706e-05,1.693e-05,1.697e-05,2545.0,2019-12-15 11:00:00
1372,1576404000000,1.702e-05,1.705e-05,1.702e-05,1.705e-05,880.0,2019-12-15 10:00:00
1373,1576400400000,1.711e-05,1.711e-05,1.693e-05,1.7e-05,8512.0,2019-12-15 09:00:00
1374,1576396800000,1.717e-05,1.718e-05,1.701e-05,1.71e-05,12412.0,2019-12-15 08:00:00
1375,1576393200000,1.694e-05,1.729e-05,1.691e-05,1.71e-05,19269.0,2019-12-15 07:00:00
1376,1576389600000,1.696e-05,1.707e-05,1.693e-05,1.707e-05,10969.0,2019-12-15 06:00:00
1377,1576386000000,1.694e-05,1.704e-05,1.69e-05,1.704e-05,17026.0,2019-12-15 05:00:00
1378,1576382400000,1.697e-05,1.697e-05,1.697e-05,1.697e-05,3395.0,2019-12-15 04:00:00
1379,1576378800000,1.702e-05,1.712e-05,1.697e-05,1.697e-05,858.0,2019-12-15 03:00:00
1380,1576375200000,1.694e-05,1.701e-05,1.694e-05,1.694e-05,865.0,2019-12-15 02:00:00
1381,1576371600000,1.699e-05,1.699e-05,1.692e-05,1.694e-05,6011.0,2019-12-15 01:00:00
1382,1576368000000,1.713e-05,1.713e-05,1.69e-05,1.692e-05,11329.0,2019-12-15 00:00:00
1383,1576364400000,1.71e-05,1.715e-05,1.7e-05,1.707e-05,12325.0,2019-12-14 23:00:00
1384,1576360800000,1.711e-05,1.717e-05,1.702e-05,1.702e-05,13064.0,2019-12-14 22:00:00
1385,1576357200000,1.727e-05,1.727e-05,1.709e-05,1.711e-05,12075.0,2019-12-14 21:00:00
1386,1576353600000,1.712e-05,1.741e-05,1.711e-05,1.727e-05,44287.0,2019-12-14 20:00:00
1387,1576350000000,1.713e-05,1.724e-05,1.699e-05,1.7e-05,48437.0,2019-12-14 19:00:00
1388,1576346400000,1.672e-05,1.737e-05,1.658e-05,1.706e-05,361234.0,2019-12-14 18:00:00
1389,1576342800000,1.664e-05,1.676e-05,1.65e-05,1.662e-05,47506.0,2019-12-14 17:00:00
1390,1576339200000,1.675e-05,1.678e-05,1.665e-05,1.666e-05,33443.0,2019-12-14 16:00:00
1391,1576335600000,1.667e-05,1.684e-05,1.666e-05,1.679e-05,28322.0,2019-12-14 15:00:00
1392,1576332000000,1.665e-05,1.666e-05,1.657e-05,1.666e-05,14183.0,2019-12-14 14:00:00
1393,1576328400000,1.67e-05,1.672e-05,1.652e-05,1.665e-05,40202.0,2019-12-14 13:00:00
1394,1576324800000,1.672e-05,1.672e-05,1.669e-05,1.669e-05,3278.0,2019-12-14 12:00:00
1395,1576321200000,1.67e-05,1.681e-05,1.656e-05,1.672e-05,240832.0,2019-12-14 11:00:00
1396,1576317600000,1.663e-05,1.67e-05,1.662e-05,1.67e-05,2499.0,2019-12-14 10:00:00
1397,1576314000000,1.662e-05,1.672e-05,1.657e-05,1.672e-05,9378.0,2019-12-14 09:00:00
1398,1576310400000,1.67e-05,1.672e-05,1.661e-05,1.672e-05,4991.0,2019-12-14 08:00:00
1399,1576306800000,1.66e-05,1.66e-05,1.66e-05,1.66e-05,8.0,2019-12-14 07:00:00
1400,1576303200000,1.663e-05,1.67e-05,1.662e-05,1.67e-05,3613.0,2019-12-14 06:00:00
1401,1576299600000,1.666e-05,1.67e-05,1.659e-05,1.661e-05,7704.0,2019-12-14 05:00:00
1402,1576296000000,1.657e-05,1.661e-05,1.657e-05,1.661e-05,800.0,2019-12-14 04:00:00
1403,1576292400000,1.657e-05,1.657e-05,1.657e-05,1.657e-05,0.0,2019-12-14 03:00:00
1404,1576288800000,1.66e-05,1.66e-05,1.657e-05,1.657e-05,4486.0,2019-12-14 02:00:00
1405,1576285200000,1.661e-05,1.662e-05,1.658e-05,1.658e-05,12313.0,2019-12-14 01:00:00
1406,1576281600000,1.656e-05,1.661e-05,1.655e-05,1.661e-05,997.0,2019-12-14 00:00:00
1407,1576278000000,1.661e-05,1.661e-05,1.653e-05,1.655e-05,2239.0,2019-12-13 23:00:00
1408,1576274400000,1.646e-05,1.66e-05,1.646e-05,1.656e-05,3263.0,2019-12-13 22:00:00
1409,1576270800000,1.648e-05,1.655e-05,1.644e-05,1.645e-05,3675.0,2019-12-13 21:00:00
1410,1576267200000,1.651e-05,1.651e-05,1.651e-05,1.651e-05,48.0,2019-12-13 20:00:00
1411,1576263600000,1.654e-05,1.659e-05,1.64e-05,1.652e-05,8153.0,2019-12-13 19:00:00
1412,1576260000000,1.646e-05,1.653e-05,1.643e-05,1.645e-05,16263.0,2019-12-13 18:00:00
1413,1576256400000,1.646e-05,1.652e-05,1.637e-05,1.646e-05,8909.0,2019-12-13 17:00:00
1414,1576252800000,1.66e-05,1.666e-05,1.642e-05,1.642e-05,28695.0,2019-12-13 16:00:00
1415,1576249200000,1.676e-05,1.712e-05,1.65e-05,1.662e-05,591292.0,2019-12-13 15:00:00
1416,1576245600000,1.668e-05,1.675e-05,1.661e-05,1.675e-05,12597.0,2019-12-13 14:00:00
1417,1576242000000,1.668e-05,1.686e-05,1.668e-05,1.668e-05,17266.0,2019-12-13 13:00:00
1418,1576238400000,1.664e-05,1.673e-05,1.656e-05,1.666e-05,19655.0,2019-12-13 12:00:00
1419,1576234800000,1.67e-05,1.67e-05,1.657e-05,1.668e-05,15358.0,2019-12-13 11:00:00
1420,1576231200000,1.655e-05,1.675e-05,1.649e-05,1.666e-05,204777.0,2019-12-13 10:00:00
1421,1576227600000,1.651e-05,1.66e-05,1.642e-05,1.655e-05,68338.0,2019-12-13 09:00:00
1422,1576224000000,1.67e-05,1.67e-05,1.65e-05,1.651e-05,60562.0,2019-12-13 08:00:00
1423,1576220400000,1.675e-05,1.704e-05,1.661e-05,1.664e-05,53343.0,2019-12-13 07:00:00
1424,1576216800000,1.678e-05,1.678e-05,1.674e-05,1.674e-05,8189.0,2019-12-13 06:00:00
1425,1576213200000,1.678e-05,1.678e-05,1.678e-05,1.678e-05,450.0,2019-12-13 05:00:00
1426,1576209600000,1.677e-05,1.697e-05,1.676e-05,1.681e-05,13999.0,2019-12-13 04:00:00
1427,1576206000000,1.679e-05,1.689e-05,1.679e-05,1.688e-05,4762.0,2019-12-13 03:00:00
1428,1576202400000,1.674e-05,1.679e-05,1.667e-05,1.676e-05,1756.0,2019-12-13 02:00:00
1429,1576198800000,1.671e-05,1.675e-05,1.655e-05,1.674e-05,3731.0,2019-12-13 01:00:00
1430,1576195200000,1.691e-05,1.692e-05,1.658e-05,1.665e-05,21173.0,2019-12-13 00:00:00
1431,1576191600000,1.684e-05,1.691e-05,1.684e-05,1.691e-05,2768.0,2019-12-12 23:00:00
1432,1576188000000,1.667e-05,1.684e-05,1.667e-05,1.684e-05,4494.0,2019-12-12 22:00:00
1433,1576184400000,1.666e-05,1.681e-05,1.662e-05,1.676e-05,2626.0,2019-12-12 21:00:00
1434,1576180800000,1.677e-05,1.683e-05,1.662e-05,1.676e-05,15229.0,2019-12-12 20:00:00
1435,1576177200000,1.682e-05,1.688e-05,1.672e-05,1.676e-05,8303.0,2019-12-12 19:00:00
1436,1576173600000,1.679e-05,1.688e-05,1.631e-05,1.676e-05,70938.0,2019-12-12 18:00:00
1437,1576170000000,1.68e-05,1.683e-05,1.676e-05,1.678e-05,2009.0,2019-12-12 17:00:00
1438,1576166400000,1.683e-05,1.688e-05,1.669e-05,1.684e-05,11078.0,2019-12-12 16:00:00
1439,1576162800000,1.689e-05,1.699e-05,1.672e-05,1.683e-05,8406.0,2019-12-12 15:00:00
1440,1576159200000,1.717e-05,1.718e-05,1.683e-05,1.69e-05,42364.0,2019-12-12 14:00:00
1441,1576155600000,1.715e-05,1.718e-05,1.705e-05,1.718e-05,2492.0,2019-12-12 13:00:00
1442,1576152000000,1.714e-05,1.714e-05,1.705e-05,1.71e-05,5379.0,2019-12-12 12:00:00
1443,1576148400000,1.719e-05,1.719e-05,1.718e-05,1.718e-05,2934.0,2019-12-12 11:00:00
1444,1576144800000,1.72e-05,1.73e-05,1.718e-05,1.718e-05,5476.0,2019-12-12 10:00:00
1445,1576141200000,1.718e-05,1.718e-05,1.718e-05,1.718e-05,0.0,2019-12-12 09:00:00
1446,1576137600000,1.73e-05,1.73e-05,1.718e-05,1.718e-05,1504.0,2019-12-12 08:00:00
1447,1576134000000,1.726e-05,1.734e-05,1.716e-05,1.729e-05,26350.0,2019-12-12 07:00:00
1448,1576130400000,1.713e-05,1.73e-05,1.712e-05,1.73e-05,7888.0,2019-12-12 06:00:00
1449,1576126800000,1.712e-05,1.72e-05,1.702e-05,1.714e-05,9895.0,2019-12-12 05:00:00
1450,1576123200000,1.712e-05,1.716e-05,1.706e-05,1.711e-05,5097.0,2019-12-12 04:00:00
1451,1576119600000,1.716e-05,1.717e-05,1.707e-05,1.707e-05,4314.0,2019-12-12 03:00:00
1452,1576116000000,1.704e-05,1.717e-05,1.704e-05,1.717e-05,7355.0,2019-12-12 02:00:00
1453,1576112400000,1.718e-05,1.723e-05,1.704e-05,1.715e-05,22556.0,2019-12-12 01:00:00
1454,1576108800000,1.711e-05,1.723e-05,1.704e-05,1.72e-05,15519.0,2019-12-12 00:00:00
1455,1576105200000,1.707e-05,1.712e-05,1.706e-05,1.712e-05,3838.0,2019-12-11 23:00:00
1456,1576101600000,1.703e-05,1.703e-05,1.697e-05,1.697e-05,3975.0,2019-12-11 22:00:00
1457,1576098000000,1.698e-05,1.703e-05,1.695e-05,1.703e-05,666.0,2019-12-11 21:00:00
1458,1576094400000,1.707e-05,1.707e-05,1.695e-05,1.703e-05,23579.0,2019-12-11 20:00:00
1459,1576090800000,1.699e-05,1.711e-05,1.698e-05,1.702e-05,4960.0,2019-12-11 19:00:00
1460,1576087200000,1.696e-05,1.7e-05,1.696e-05,1.7e-05,9755.0,2019-12-11 18:00:00
1461,1576083600000,1.694e-05,1.699e-05,1.69e-05,1.69e-05,4780.0,2019-12-11 17:00:00
1462,1576080000000,1.693e-05,1.702e-05,1.693e-05,1.697e-05,757.0,2019-12-11 16:00:00
1463,1576076400000,1.711e-05,1.717e-05,1.684e-05,1.704e-05,20677.0,2019-12-11 15:00:00
1464,1576072800000,1.728e-05,1.729e-05,1.708e-05,1.708e-05,27295.0,2019-12-11 14:00:00
1465,1576069200000,1.735e-05,1.74e-05,1.728e-05,1.732e-05,2825.0,2019-12-11 13:00:00
1466,1576065600000,1.718e-05,1.741e-05,1.717e-05,1.726e-05,197688.0,2019-12-11 12:00:00
1467,1576062000000,1.714e-05,1.72e-05,1.707e-05,1.719e-05,2083.0,2019-12-11 11:00:00
1468,1576058400000,1.718e-05,1.728e-05,1.709e-05,1.714e-05,7371.0,2019-12-11 10:00:00
1469,1576054800000,1.72e-05,1.72e-05,1.718e-05,1.719e-05,1492.0,2019-12-11 09:00:00
1470,1576051200000,1.714e-05,1.72e-05,1.711e-05,1.711e-05,5136.0,2019-12-11 08:00:00
1471,1576047600000,1.719e-05,1.728e-05,1.71e-05,1.72e-05,19315.0,2019-12-11 07:00:00
1472,1576044000000,1.707e-05,1.734e-05,1.699e-05,1.719e-05,33240.0,2019-12-11 06:00:00
1473,1576040400000,1.706e-05,1.707e-05,1.706e-05,1.707e-05,708.0,2019-12-11 05:00:00
1474,1576036800000,1.706e-05,1.706e-05,1.698e-05,1.698e-05,1382.0,2019-12-11 04:00:00
1475,1576033200000,1.707e-05,1.707e-05,1.707e-05,1.707e-05,2.0,2019-12-11 03:00:00
1476,1576029600000,1.702e-05,1.707e-05,1.692e-05,1.707e-05,3386.0,2019-12-11 02:00:00
1477,1576026000000,1.693e-05,1.693e-05,1.693e-05,1.693e-05,188.0,2019-12-11 01:00:00
1478,1576022400000,1.673e-05,1.707e-05,1.662e-05,1.705e-05,29944.0,2019-12-11 00:00:00
1479,1576018800000,1.658e-05,1.673e-05,1.658e-05,1.673e-05,13738.0,2019-12-10 23:00:00
1480,1576015200000,1.638e-05,1.665e-05,1.638e-05,1.656e-05,9515.0,2019-12-10 22:00:00
1481,1576011600000,1.639e-05,1.649e-05,1.629e-05,1.638e-05,18119.0,2019-12-10 21:00:00
1482,1576008000000,1.63e-05,1.692e-05,1.627e-05,1.646e-05,44946.0,2019-12-10 20:00:00
1483,1576004400000,1.637e-05,1.64e-05,1.62e-05,1.634e-05,15431.0,2019-12-10 19:00:00
1484,1576000800000,1.639e-05,1.647e-05,1.617e-05,1.639e-05,27316.0,2019-12-10 18:00:00
1485,1575997200000,1.644e-05,1.647e-05,1.632e-05,1.639e-05,25424.0,2019-12-10 17:00:00
1486,1575993600000,1.671e-05,1.672e-05,1.624e-05,1.644e-05,97480.0,2019-12-10 16:00:00
1487,1575990000000,1.687e-05,1.687e-05,1.65e-05,1.67e-05,80138.0,2019-12-10 15:00:00
1488,1575986400000,1.698e-05,1.698e-05,1.669e-05,1.687e-05,79450.0,2019-12-10 14:00:00
1489,1575982800000,1.69e-05,1.7e-05,1.688e-05,1.7e-05,3390.0,2019-12-10 13:00:00
1490,1575979200000,1.693e-05,1.704e-05,1.685e-05,1.701e-05,35171.0,2019-12-10 12:00:00
1491,1575975600000,1.7e-05,1.7e-05,1.692e-05,1.692e-05,804.0,2019-12-10 11:00:00
1492,1575972000000,1.701e-05,1.707e-05,1.684e-05,1.7e-05,34772.0,2019-12-10 10:00:00
1493,1575968400000,1.718e-05,1.718e-05,1.702e-05,1.702e-05,6078.0,2019-12-10 09:00:00
1494,1575964800000,1.711e-05,1.723e-05,1.695e-05,1.717e-05,15339.0,2019-12-10 08:00:00
1495,1575961200000,1.705e-05,1.72e-05,1.702e-05,1.711e-05,1133.0,2019-12-10 07:00:00
1496,1575957600000,1.708e-05,1.714e-05,1.693e-05,1.705e-05,12962.0,2019-12-10 06:00:00
1497,1575954000000,1.697e-05,1.711e-05,1.697e-05,1.7e-05,51784.0,2019-12-10 05:00:00
1498,1575950400000,1.714e-05,1.714e-05,1.692e-05,1.709e-05,9475.0,2019-12-10 04:00:00
1499,1575946800000,1.707e-05,1.733e-05,1.702e-05,1.72e-05,20129.0,2019-12-10 03:00:00
1500,1575943200000,1.721e-05,1.721e-05,1.683e-05,1.711e-05,44672.0,2019-12-10 02:00:00
1501,1575939600000,1.785e-05,1.798e-05,1.696e-05,1.721e-05,112177.0,2019-12-10 01:00:00
1502,1575936000000,1.772e-05,1.788e-05,1.772e-05,1.776e-05,37223.0,2019-12-10 00:00:00
1503,1575932400000,1.77e-05,1.773e-05,1.77e-05,1.772e-05,1662.0,2019-12-09 23:00:00
1504,1575928800000,1.767e-05,1.773e-05,1.767e-05,1.77e-05,8639.0,2019-12-09 22:00:00
1505,1575925200000,1.763e-05,1.767e-05,1.761e-05,1.767e-05,2276.0,2019-12-09 21:00:00
1506,1575921600000,1.774e-05,1.774e-05,1.76e-05,1.773e-05,52413.0,2019-12-09 20:00:00
1507,1575918000000,1.767e-05,1.767e-05,1.767e-05,1.767e-05,7.0,2019-12-09 19:00:00
1508,1575914400000,1.773e-05,1.774e-05,1.766e-05,1.773e-05,7449.0,2019-12-09 18:00:00
1509,1575910800000,1.774e-05,1.774e-05,1.767e-05,1.774e-05,8330.0,2019-12-09 17:00:00
1510,1575907200000,1.776e-05,1.784e-05,1.767e-05,1.774e-05,5268.0,2019-12-09 16:00:00
1511,1575903600000,1.778e-05,1.789e-05,1.775e-05,1.787e-05,68715.0,2019-12-09 15:00:00
1512,1575900000000,1.781e-05,1.784e-05,1.778e-05,1.778e-05,2008.0,2019-12-09 14:00:00
1513,1575896400000,1.777e-05,1.788e-05,1.775e-05,1.781e-05,5876.0,2019-12-09 13:00:00
1514,1575892800000,1.773e-05,1.785e-05,1.765e-05,1.777e-05,9460.0,2019-12-09 12:00:00
1515,1575889200000,1.767e-05,1.774e-05,1.759e-05,1.774e-05,14781.0,2019-12-09 11:00:00
1516,1575885600000,1.77e-05,1.774e-05,1.763e-05,1.767e-05,9557.0,2019-12-09 10:00:00
1517,1575882000000,1.774e-05,1.782e-05,1.766e-05,1.773e-05,6981.0,2019-12-09 09:00:00
1518,1575878400000,1.783e-05,1.789e-05,1.775e-05,1.782e-05,10737.0,2019-12-09 08:00:00
1519,1575874800000,1.784e-05,1.789e-05,1.781e-05,1.789e-05,4952.0,2019-12-09 07:00:00
1520,1575871200000,1.773e-05,1.79e-05,1.772e-05,1.782e-05,15103.0,2019-12-09 06:00:00
1521,1575867600000,1.77e-05,1.773e-05,1.768e-05,1.773e-05,13158.0,2019-12-09 05:00:00
1522,1575864000000,1.781e-05,1.783e-05,1.765e-05,1.766e-05,6597.0,2019-12-09 04:00:00
1523,1575860400000,1.779e-05,1.779e-05,1.773e-05,1.773e-05,12381.0,2019-12-09 03:00:00
1524,1575856800000,1.773e-05,1.791e-05,1.773e-05,1.778e-05,24514.0,2019-12-09 02:00:00
1525,1575853200000,1.792e-05,1.795e-05,1.771e-05,1.773e-05,25809.0,2019-12-09 01:00:00
1526,1575849600000,1.792e-05,1.806e-05,1.791e-05,1.792e-05,14266.0,2019-12-09 00:00:00
1527,1575846000000,1.799e-05,1.804e-05,1.792e-05,1.8e-05,4589.0,2019-12-08 23:00:00
1528,1575842400000,1.796e-05,1.806e-05,1.785e-05,1.806e-05,10397.0,2019-12-08 22:00:00
1529,1575838800000,1.814e-05,1.814e-05,1.787e-05,1.795e-05,99122.0,2019-12-08 21:00:00
1530,1575835200000,1.777e-05,1.814e-05,1.76e-05,1.814e-05,201537.0,2019-12-08 20:00:00
1531,1575831600000,1.769e-05,1.782e-05,1.761e-05,1.779e-05,55879.0,2019-12-08 19:00:00
1532,1575828000000,1.779e-05,1.78e-05,1.761e-05,1.773e-05,45308.0,2019-12-08 18:00:00
1533,1575824400000,1.763e-05,1.805e-05,1.754e-05,1.779e-05,151651.0,2019-12-08 17:00:00
1534,1575820800000,1.755e-05,1.764e-05,1.748e-05,1.754e-05,36093.0,2019-12-08 16:00:00
1535,1575817200000,1.77e-05,1.77e-05,1.747e-05,1.755e-05,86113.0,2019-12-08 15:00:00
1536,1575813600000,1.799e-05,1.8e-05,1.751e-05,1.77e-05,97647.0,2019-12-08 14:00:00
1537,1575810000000,1.777e-05,1.801e-05,1.773e-05,1.796e-05,106147.0,2019-12-08 13:00:00
1538,1575806400000,1.78e-05,1.808e-05,1.755e-05,1.776e-05,192657.0,2019-12-08 12:00:00
1539,1575802800000,1.721e-05,1.814e-05,1.711e-05,1.781e-05,604261.0,2019-12-08 11:00:00
1540,1575799200000,1.722e-05,1.726e-05,1.705e-05,1.72e-05,26169.0,2019-12-08 10:00:00
1541,1575795600000,1.722e-05,1.734e-05,1.722e-05,1.724e-05,14470.0,2019-12-08 09:00:00
1542,1575792000000,1.734e-05,1.734e-05,1.723e-05,1.723e-05,4775.0,2019-12-08 08:00:00
1543,1575788400000,1.729e-05,1.739e-05,1.722e-05,1.722e-05,15020.0,2019-12-08 07:00:00
1544,1575784800000,1.725e-05,1.732e-05,1.725e-05,1.728e-05,1100.0,2019-12-08 06:00:00
1545,1575781200000,1.721e-05,1.738e-05,1.72e-05,1.727e-05,66014.0,2019-12-08 05:00:00
1546,1575777600000,1.727e-05,1.727e-05,1.72e-05,1.721e-05,10734.0,2019-12-08 04:00:00
1547,1575774000000,1.723e-05,1.727e-05,1.72e-05,1.721e-05,356.0,2019-12-08 03:00:00
1548,1575770400000,1.722e-05,1.733e-05,1.72e-05,1.72e-05,21143.0,2019-12-08 02:00:00
1549,1575766800000,1.707e-05,1.747e-05,1.707e-05,1.722e-05,310750.0,2019-12-08 01:00:00
1550,1575763200000,1.704e-05,1.707e-05,1.697e-05,1.698e-05,4402.0,2019-12-08 00:00:00
1551,1575759600000,1.703e-05,1.706e-05,1.69e-05,1.703e-05,16075.0,2019-12-07 23:00:00
1552,1575756000000,1.703e-05,1.704e-05,1.703e-05,1.703e-05,392.0,2019-12-07 22:00:00
1553,1575752400000,1.709e-05,1.712e-05,1.709e-05,1.712e-05,600.0,2019-12-07 21:00:00
1554,1575748800000,1.709e-05,1.709e-05,1.706e-05,1.706e-05,759.0,2019-12-07 20:00:00
1555,1575745200000,1.709e-05,1.712e-05,1.699e-05,1.701e-05,5362.0,2019-12-07 19:00:00
1556,1575741600000,1.702e-05,1.707e-05,1.699e-05,1.702e-05,4010.0,2019-12-07 18:00:00
1557,1575738000000,1.712e-05,1.716e-05,1.698e-05,1.701e-05,1527.0,2019-12-07 17:00:00
1558,1575734400000,1.708e-05,1.711e-05,1.708e-05,1.711e-05,4539.0,2019-12-07 16:00:00
1559,1575730800000,1.708e-05,1.708e-05,1.697e-05,1.708e-05,2297.0,2019-12-07 15:00:00
1560,1575727200000,1.708e-05,1.709e-05,1.7e-05,1.701e-05,1705.0,2019-12-07 14:00:00
1561,1575723600000,1.7e-05,1.708e-05,1.698e-05,1.708e-05,6649.0,2019-12-07 13:00:00
1562,1575720000000,1.698e-05,1.719e-05,1.69e-05,1.699e-05,23304.0,2019-12-07 12:00:00
1563,1575716400000,1.69e-05,1.698e-05,1.69e-05,1.698e-05,4585.0,2019-12-07 11:00:00
1564,1575712800000,1.697e-05,1.697e-05,1.683e-05,1.69e-05,3159.0,2019-12-07 10:00:00
1565,1575709200000,1.697e-05,1.7e-05,1.692e-05,1.697e-05,410.0,2019-12-07 09:00:00
1566,1575705600000,1.685e-05,1.701e-05,1.682e-05,1.7e-05,4079.0,2019-12-07 08:00:00
1567,1575702000000,1.684e-05,1.688e-05,1.684e-05,1.687e-05,2947.0,2019-12-07 07:00:00
1568,1575698400000,1.677e-05,1.677e-05,1.677e-05,1.677e-05,25.0,2019-12-07 06:00:00
1569,1575694800000,1.678e-05,1.68e-05,1.675e-05,1.677e-05,2505.0,2019-12-07 05:00:00
1570,1575691200000,1.689e-05,1.692e-05,1.673e-05,1.685e-05,8992.0,2019-12-07 04:00:00
1571,1575687600000,1.688e-05,1.688e-05,1.688e-05,1.688e-05,287.0,2019-12-07 03:00:00
1572,1575684000000,1.696e-05,1.7e-05,1.688e-05,1.7e-05,301.0,2019-12-07 02:00:00
1573,1575680400000,1.688e-05,1.696e-05,1.688e-05,1.688e-05,100.0,2019-12-07 01:00:00
1574,1575676800000,1.7e-05,1.702e-05,1.682e-05,1.698e-05,19977.0,2019-12-07 00:00:00
1575,1575673200000,1.683e-05,1.705e-05,1.681e-05,1.703e-05,24297.0,2019-12-06 23:00:00
1576,1575669600000,1.698e-05,1.698e-05,1.683e-05,1.694e-05,13347.0,2019-12-06 22:00:00
1577,1575666000000,1.696e-05,1.697e-05,1.687e-05,1.697e-05,959.0,2019-12-06 21:00:00
1578,1575662400000,1.7e-05,1.704e-05,1.69e-05,1.69e-05,874.0,2019-12-06 20:00:00
1579,1575658800000,1.694e-05,1.701e-05,1.688e-05,1.7e-05,13273.0,2019-12-06 19:00:00
1580,1575655200000,1.684e-05,1.705e-05,1.679e-05,1.697e-05,8150.0,2019-12-06 18:00:00
1581,1575651600000,1.715e-05,1.727e-05,1.681e-05,1.681e-05,30587.0,2019-12-06 17:00:00
1582,1575648000000,1.73e-05,1.733e-05,1.715e-05,1.72e-05,31064.0,2019-12-06 16:00:00
1583,1575644400000,1.734e-05,1.739e-05,1.711e-05,1.734e-05,185173.0,2019-12-06 15:00:00
1584,1575640800000,1.733e-05,1.745e-05,1.71e-05,1.735e-05,35855.0,2019-12-06 14:00:00
1585,1575637200000,1.699e-05,1.733e-05,1.689e-05,1.732e-05,38398.0,2019-12-06 13:00:00
1586,1575633600000,1.666e-05,1.716e-05,1.666e-05,1.699e-05,66739.0,2019-12-06 12:00:00
1587,1575630000000,1.676e-05,1.676e-05,1.665e-05,1.665e-05,8121.0,2019-12-06 11:00:00
1588,1575626400000,1.683e-05,1.718e-05,1.67e-05,1.677e-05,29870.0,2019-12-06 10:00:00
1589,1575622800000,1.653e-05,1.719e-05,1.65e-05,1.68e-05,169633.0,2019-12-06 09:00:00
1590,1575619200000,1.653e-05,1.659e-05,1.65e-05,1.65e-05,6211.0,2019-12-06 08:00:00
1591,1575615600000,1.647e-05,1.655e-05,1.641e-05,1.646e-05,5104.0,2019-12-06 07:00:00
1592,1575612000000,1.645e-05,1.654e-05,1.645e-05,1.654e-05,453.0,2019-12-06 06:00:00
1593,1575608400000,1.641e-05,1.653e-05,1.637e-05,1.653e-05,12017.0,2019-12-06 05:00:00
1594,1575604800000,1.653e-05,1.653e-05,1.634e-05,1.637e-05,21301.0,2019-12-06 04:00:00
1595,1575601200000,1.65e-05,1.653e-05,1.638e-05,1.653e-05,1457.0,2019-12-06 03:00:00
1596,1575597600000,1.653e-05,1.661e-05,1.632e-05,1.641e-05,31906.0,2019-12-06 02:00:00
1597,1575594000000,1.652e-05,1.66e-05,1.651e-05,1.66e-05,4139.0,2019-12-06 01:00:00
1598,1575590400000,1.642e-05,1.664e-05,1.631e-05,1.655e-05,30096.0,2019-12-06 00:00:00
1599,1575586800000,1.633e-05,1.642e-05,1.633e-05,1.642e-05,12132.0,2019-12-05 23:00:00
1600,1575583200000,1.634e-05,1.64e-05,1.625e-05,1.633e-05,15746.0,2019-12-05 22:00:00
1601,1575579600000,1.635e-05,1.635e-05,1.632e-05,1.634e-05,281.0,2019-12-05 21:00:00
1602,1575576000000,1.632e-05,1.632e-05,1.632e-05,1.632e-05,19.0,2019-12-05 20:00:00
1603,1575572400000,1.633e-05,1.637e-05,1.625e-05,1.627e-05,273.0,2019-12-05 19:00:00
1604,1575568800000,1.625e-05,1.639e-05,1.625e-05,1.633e-05,850.0,2019-12-05 18:00:00
1605,1575565200000,1.633e-05,1.641e-05,1.601e-05,1.625e-05,33588.0,2019-12-05 17:00:00
1606,1575561600000,1.641e-05,1.645e-05,1.613e-05,1.636e-05,73070.0,2019-12-05 16:00:00
1607,1575558000000,1.633e-05,1.641e-05,1.632e-05,1.641e-05,3504.0,2019-12-05 15:00:00
1608,1575554400000,1.631e-05,1.64e-05,1.621e-05,1.64e-05,3957.0,2019-12-05 14:00:00
1609,1575550800000,1.62e-05,1.635e-05,1.606e-05,1.63e-05,23499.0,2019-12-05 13:00:00
1610,1575547200000,1.643e-05,1.645e-05,1.617e-05,1.63e-05,7837.0,2019-12-05 12:00:00
1611,1575543600000,1.642e-05,1.65e-05,1.63e-05,1.645e-05,30131.0,2019-12-05 11:00:00
1612,1575540000000,1.659e-05,1.666e-05,1.592e-05,1.637e-05,94242.0,2019-12-05 10:00:00
1613,1575536400000,1.665e-05,1.67e-05,1.657e-05,1.667e-05,4322.0,2019-12-05 09:00:00
1614,1575532800000,1.674e-05,1.69e-05,1.654e-05,1.665e-05,42440.0,2019-12-05 08:00:00
1615,1575529200000,1.671e-05,1.678e-05,1.66e-05,1.677e-05,5010.0,2019-12-05 07:00:00
1616,1575525600000,1.671e-05,1.679e-05,1.66e-05,1.667e-05,4139.0,2019-12-05 06:00:00
1617,1575522000000,1.659e-05,1.672e-05,1.651e-05,1.669e-05,15810.0,2019-12-05 05:00:00
1618,1575518400000,1.664e-05,1.667e-05,1.654e-05,1.658e-05,910.0,2019-12-05 04:00:00
1619,1575514800000,1.665e-05,1.672e-05,1.65e-05,1.664e-05,24918.0,2019-12-05 03:00:00
1620,1575511200000,1.669e-05,1.677e-05,1.661e-05,1.673e-05,7078.0,2019-12-05 02:00:00
1621,1575507600000,1.679e-05,1.688e-05,1.653e-05,1.671e-05,33683.0,2019-12-05 01:00:00
1622,1575504000000,1.692e-05,1.696e-05,1.678e-05,1.687e-05,4031.0,2019-12-05 00:00:00
1623,1575500400000,1.695e-05,1.697e-05,1.681e-05,1.681e-05,7253.0,2019-12-04 23:00:00
1624,1575496800000,1.69e-05,1.701e-05,1.685e-05,1.695e-05,11635.0,2019-12-04 22:00:00
1625,1575493200000,1.7e-05,1.701e-05,1.69e-05,1.69e-05,2333.0,2019-12-04 21:00:00
1626,1575489600000,1.688e-05,1.701e-05,1.685e-05,1.7e-05,35536.0,2019-12-04 20:00:00
1627,1575486000000,1.695e-05,1.695e-05,1.682e-05,1.682e-05,990.0,2019-12-04 19:00:00
1628,1575482400000,1.694e-05,1.695e-05,1.681e-05,1.693e-05,4001.0,2019-12-04 18:00:00
1629,1575478800000,1.694e-05,1.696e-05,1.684e-05,1.685e-05,655.0,2019-12-04 17:00:00
1630,1575475200000,1.691e-05,1.697e-05,1.686e-05,1.686e-05,12001.0,2019-12-04 16:00:00
1631,1575471600000,1.692e-05,1.692e-05,1.682e-05,1.682e-05,2125.0,2019-12-04 15:00:00
1632,1575468000000,1.689e-05,1.695e-05,1.686e-05,1.69e-05,4696.0,2019-12-04 14:00:00
1633,1575464400000,1.739e-05,1.74e-05,1.651e-05,1.683e-05,136719.0,2019-12-04 13:00:00
1634,1575460800000,1.745e-05,1.745e-05,1.733e-05,1.737e-05,5493.0,2019-12-04 12:00:00
1635,1575457200000,1.737e-05,1.745e-05,1.728e-05,1.743e-05,13659.0,2019-12-04 11:00:00
1636,1575453600000,1.737e-05,1.737e-05,1.724e-05,1.732e-05,10565.0,2019-12-04 10:00:00
1637,1575450000000,1.718e-05,1.738e-05,1.718e-05,1.736e-05,5297.0,2019-12-04 09:00:00
1638,1575446400000,1.726e-05,1.728e-05,1.719e-05,1.727e-05,8708.0,2019-12-04 08:00:00
1639,1575442800000,1.738e-05,1.74e-05,1.729e-05,1.729e-05,7768.0,2019-12-04 07:00:00
1640,1575439200000,1.738e-05,1.741e-05,1.738e-05,1.741e-05,1521.0,2019-12-04 06:00:00
1641,1575435600000,1.755e-05,1.768e-05,1.72e-05,1.737e-05,30866.0,2019-12-04 05:00:00
1642,1575432000000,1.748e-05,1.763e-05,1.742e-05,1.743e-05,26139.0,2019-12-04 04:00:00
1643,1575428400000,1.746e-05,1.751e-05,1.745e-05,1.749e-05,1578.0,2019-12-04 03:00:00
1644,1575424800000,1.746e-05,1.747e-05,1.737e-05,1.739e-05,1504.0,2019-12-04 02:00:00
1645,1575421200000,1.717e-05,1.76e-05,1.702e-05,1.747e-05,37506.0,2019-12-04 01:00:00
1646,1575417600000,1.718e-05,1.724e-05,1.713e-05,1.713e-05,8338.0,2019-12-04 00:00:00
1647,1575414000000,1.719e-05,1.719e-05,1.717e-05,1.718e-05,1134.0,2019-12-03 23:00:00
1648,1575410400000,1.72e-05,1.721e-05,1.707e-05,1.72e-05,11465.0,2019-12-03 22:00:00
1649,1575406800000,1.719e-05,1.72e-05,1.719e-05,1.72e-05,198.0,2019-12-03 21:00:00
1650,1575403200000,1.725e-05,1.73e-05,1.718e-05,1.719e-05,2332.0,2019-12-03 20:00:00
1651,1575399600000,1.728e-05,1.728e-05,1.717e-05,1.725e-05,3436.0,2019-12-03 19:00:00
1652,1575396000000,1.732e-05,1.736e-05,1.726e-05,1.726e-05,494.0,2019-12-03 18:00:00
1653,1575392400000,1.729e-05,1.732e-05,1.725e-05,1.726e-05,2564.0,2019-12-03 17:00:00
1654,1575388800000,1.725e-05,1.73e-05,1.716e-05,1.73e-05,26008.0,2019-12-03 16:00:00
1655,1575385200000,1.728e-05,1.732e-05,1.719e-05,1.725e-05,17263.0,2019-12-03 15:00:00
1656,1575381600000,1.723e-05,1.728e-05,1.722e-05,1.728e-05,3279.0,2019-12-03 14:00:00
1657,1575378000000,1.714e-05,1.729e-05,1.714e-05,1.727e-05,33240.0,2019-12-03 13:00:00
1658,1575374400000,1.748e-05,1.755e-05,1.709e-05,1.721e-05,43615.0,2019-12-03 12:00:00
1659,1575370800000,1.748e-05,1.748e-05,1.733e-05,1.746e-05,7197.0,2019-12-03 11:00:00
1660,1575367200000,1.762e-05,1.763e-05,1.732e-05,1.747e-05,9898.0,2019-12-03 10:00:00
1661,1575363600000,1.768e-05,1.77e-05,1.756e-05,1.764e-05,48040.0,2019-12-03 09:00:00
1662,1575360000000,1.768e-05,1.769e-05,1.756e-05,1.768e-05,12028.0,2019-12-03 08:00:00
1663,1575356400000,1.764e-05,1.772e-05,1.764e-05,1.77e-05,7746.0,2019-12-03 07:00:00
1664,1575352800000,1.748e-05,1.764e-05,1.738e-05,1.764e-05,18333.0,2019-12-03 06:00:00
1665,1575349200000,1.758e-05,1.764e-05,1.748e-05,1.748e-05,17905.0,2019-12-03 05:00:00
1666,1575345600000,1.753e-05,1.763e-05,1.743e-05,1.76e-05,11299.0,2019-12-03 04:00:00
1667,1575342000000,1.763e-05,1.765e-05,1.754e-05,1.764e-05,1199.0,2019-12-03 03:00:00
1668,1575338400000,1.765e-05,1.765e-05,1.755e-05,1.765e-05,6984.0,2019-12-03 02:00:00
1669,1575334800000,1.763e-05,1.767e-05,1.763e-05,1.767e-05,625.0,2019-12-03 01:00:00
1670,1575331200000,1.753e-05,1.765e-05,1.747e-05,1.762e-05,12512.0,2019-12-03 00:00:00
1671,1575327600000,1.755e-05,1.769e-05,1.749e-05,1.765e-05,53904.0,2019-12-02 23:00:00
1672,1575324000000,1.76e-05,1.768e-05,1.756e-05,1.756e-05,14170.0,2019-12-02 22:00:00
1673,1575320400000,1.773e-05,1.778e-05,1.74e-05,1.76e-05,72976.0,2019-12-02 21:00:00
1674,1575316800000,1.776e-05,1.783e-05,1.768e-05,1.773e-05,5600.0,2019-12-02 20:00:00
1675,1575313200000,1.769e-05,1.788e-05,1.766e-05,1.776e-05,18548.0,2019-12-02 19:00:00
1676,1575309600000,1.799e-05,1.799e-05,1.765e-05,1.77e-05,42900.0,2019-12-02 18:00:00
1677,1575306000000,1.8e-05,1.802e-05,1.789e-05,1.789e-05,8520.0,2019-12-02 17:00:00
1678,1575302400000,1.792e-05,1.792e-05,1.791e-05,1.791e-05,139.0,2019-12-02 16:00:00
1679,1575298800000,1.803e-05,1.814e-05,1.789e-05,1.793e-05,29802.0,2019-12-02 15:00:00
1680,1575295200000,1.794e-05,1.816e-05,1.792e-05,1.803e-05,11216.0,2019-12-02 14:00:00
1681,1575291600000,1.806e-05,1.806e-05,1.793e-05,1.793e-05,389.0,2019-12-02 13:00:00
1682,1575288000000,1.811e-05,1.811e-05,1.792e-05,1.792e-05,21215.0,2019-12-02 12:00:00
1683,1575284400000,1.805e-05,1.815e-05,1.801e-05,1.801e-05,5722.0,2019-12-02 11:00:00
1684,1575280800000,1.816e-05,1.816e-05,1.802e-05,1.816e-05,30601.0,2019-12-02 10:00:00
1685,1575277200000,1.825e-05,1.828e-05,1.81e-05,1.811e-05,3165.0,2019-12-02 09:00:00
1686,1575273600000,1.838e-05,1.838e-05,1.815e-05,1.815e-05,8348.0,2019-12-02 08:00:00
1687,1575270000000,1.846e-05,1.86e-05,1.826e-05,1.838e-05,28360.0,2019-12-02 07:00:00
1688,1575266400000,1.826e-05,1.85e-05,1.818e-05,1.846e-05,61780.0,2019-12-02 06:00:00
1689,1575262800000,1.807e-05,1.825e-05,1.806e-05,1.824e-05,9181.0,2019-12-02 05:00:00
1690,1575259200000,1.81e-05,1.817e-05,1.806e-05,1.807e-05,11568.0,2019-12-02 04:00:00
1691,1575255600000,1.806e-05,1.817e-05,1.804e-05,1.816e-05,5976.0,2019-12-02 03:00:00
1692,1575252000000,1.816e-05,1.817e-05,1.802e-05,1.802e-05,2382.0,2019-12-02 02:00:00
1693,1575248400000,1.813e-05,1.816e-05,1.801e-05,1.814e-05,9562.0,2019-12-02 01:00:00
1694,1575244800000,1.812e-05,1.815e-05,1.794e-05,1.815e-05,21715.0,2019-12-02 00:00:00
1695,1575241200000,1.805e-05,1.809e-05,1.797e-05,1.806e-05,16865.0,2019-12-01 23:00:00
1696,1575237600000,1.809e-05,1.813e-05,1.805e-05,1.806e-05,2058.0,2019-12-01 22:00:00
1697,1575234000000,1.815e-05,1.817e-05,1.795e-05,1.804e-05,20320.0,2019-12-01 21:00:00
1698,1575230400000,1.817e-05,1.817e-05,1.813e-05,1.813e-05,4075.0,2019-12-01 20:00:00
1699,1575226800000,1.824e-05,1.833e-05,1.816e-05,1.817e-05,33638.0,2019-12-01 19:00:00
1700,1575223200000,1.814e-05,1.827e-05,1.813e-05,1.823e-05,18165.0,2019-12-01 18:00:00
1701,1575219600000,1.821e-05,1.829e-05,1.813e-05,1.814e-05,21190.0,2019-12-01 17:00:00
1702,1575216000000,1.815e-05,1.822e-05,1.808e-05,1.822e-05,13726.0,2019-12-01 16:00:00
1703,1575212400000,1.824e-05,1.831e-05,1.799e-05,1.809e-05,92127.0,2019-12-01 15:00:00
1704,1575208800000,1.819e-05,1.832e-05,1.807e-05,1.821e-05,49024.0,2019-12-01 14:00:00
1705,1575205200000,1.816e-05,1.839e-05,1.816e-05,1.821e-05,18317.0,2019-12-01 13:00:00
1706,1575201600000,1.825e-05,1.828e-05,1.802e-05,1.816e-05,58818.0,2019-12-01 12:00:00
1707,1575198000000,1.857e-05,1.857e-05,1.804e-05,1.826e-05,185948.0,2019-12-01 11:00:00
1708,1575194400000,1.845e-05,1.863e-05,1.828e-05,1.857e-05,56890.0,2019-12-01 10:00:00
1709,1575190800000,1.828e-05,1.87e-05,1.828e-05,1.845e-05,682349.0,2019-12-01 09:00:00
1710,1575187200000,1.82e-05,1.827e-05,1.814e-05,1.827e-05,20059.0,2019-12-01 08:00:00
1711,1575183600000,1.815e-05,1.825e-05,1.809e-05,1.82e-05,11152.0,2019-12-01 07:00:00
1712,1575180000000,1.821e-05,1.825e-05,1.813e-05,1.824e-05,10899.0,2019-12-01 06:00:00
1713,1575176400000,1.826e-05,1.826e-05,1.82e-05,1.82e-05,2456.0,2019-12-01 05:00:00
1714,1575172800000,1.828e-05,1.828e-05,1.819e-05,1.826e-05,1667.0,2019-12-01 04:00:00
1715,1575169200000,1.83e-05,1.832e-05,1.819e-05,1.828e-05,15247.0,2019-12-01 03:00:00
1716,1575165600000,1.815e-05,1.84e-05,1.807e-05,1.826e-05,191591.0,2019-12-01 02:00:00
1717,1575162000000,1.824e-05,1.827e-05,1.814e-05,1.815e-05,5742.0,2019-12-01 01:00:00
1718,1575158400000,1.825e-05,1.825e-05,1.811e-05,1.811e-05,1451.0,2019-12-01 00:00:00
1719,1575154800000,1.834e-05,1.838e-05,1.816e-05,1.819e-05,23753.0,2019-11-30 23:00:00
1720,1575151200000,1.819e-05,1.838e-05,1.797e-05,1.834e-05,66871.0,2019-11-30 22:00:00
1721,1575147600000,1.82e-05,1.82e-05,1.807e-05,1.82e-05,4923.0,2019-11-30 21:00:00
1722,1575144000000,1.824e-05,1.84e-05,1.801e-05,1.822e-05,259171.0,2019-11-30 20:00:00
1723,1575140400000,1.818e-05,1.829e-05,1.8e-05,1.823e-05,67857.0,2019-11-30 19:00:00
1724,1575136800000,1.793e-05,1.836e-05,1.79e-05,1.819e-05,451787.0,2019-11-30 18:00:00
1725,1575133200000,1.774e-05,1.795e-05,1.765e-05,1.78e-05,14064.0,2019-11-30 17:00:00
1726,1575129600000,1.782e-05,1.782e-05,1.758e-05,1.762e-05,19682.0,2019-11-30 16:00:00
1727,1575126000000,1.781e-05,1.784e-05,1.771e-05,1.782e-05,15653.0,2019-11-30 15:00:00
1728,1575122400000,1.769e-05,1.783e-05,1.768e-05,1.781e-05,7258.0,2019-11-30 14:00:00
1729,1575118800000,1.794e-05,1.804e-05,1.751e-05,1.771e-05,57920.0,2019-11-30 13:00:00
1730,1575115200000,1.768e-05,1.812e-05,1.763e-05,1.788e-05,34204.0,2019-11-30 12:00:00
1731,1575111600000,1.757e-05,1.839e-05,1.757e-05,1.77e-05,618201.0,2019-11-30 11:00:00
1732,1575108000000,1.744e-05,1.758e-05,1.742e-05,1.756e-05,13608.0,2019-11-30 10:00:00
1733,1575104400000,1.752e-05,1.766e-05,1.743e-05,1.743e-05,14915.0,2019-11-30 09:00:00
1734,1575100800000,1.769e-05,1.769e-05,1.75e-05,1.761e-05,2369.0,2019-11-30 08:00:00
1735,1575097200000,1.77e-05,1.771e-05,1.764e-05,1.764e-05,445.0,2019-11-30 07:00:00
1736,1575093600000,1.773e-05,1.774e-05,1.756e-05,1.77e-05,3627.0,2019-11-30 06:00:00
1737,1575090000000,1.765e-05,1.773e-05,1.764e-05,1.773e-05,2754.0,2019-11-30 05:00:00
1738,1575086400000,1.772e-05,1.773e-05,1.762e-05,1.762e-05,2745.0,2019-11-30 04:00:00
1739,1575082800000,1.77e-05,1.772e-05,1.759e-05,1.772e-05,1632.0,2019-11-30 03:00:00
1740,1575079200000,1.77e-05,1.77e-05,1.769e-05,1.77e-05,11800.0,2019-11-30 02:00:00
1741,1575075600000,1.769e-05,1.772e-05,1.759e-05,1.77e-05,2880.0,2019-11-30 01:00:00
1742,1575072000000,1.764e-05,1.77e-05,1.759e-05,1.77e-05,7970.0,2019-11-30 00:00:00
1743,1575068400000,1.763e-05,1.767e-05,1.757e-05,1.764e-05,3435.0,2019-11-29 23:00:00
1744,1575064800000,1.762e-05,1.763e-05,1.747e-05,1.763e-05,2984.0,2019-11-29 22:00:00
1745,1575061200000,1.77e-05,1.771e-05,1.75e-05,1.762e-05,16968.0,2019-11-29 21:00:00
1746,1575057600000,1.759e-05,1.774e-05,1.755e-05,1.757e-05,10585.0,2019-11-29 20:00:00
1747,1575054000000,1.765e-05,1.771e-05,1.754e-05,1.758e-05,10927.0,2019-11-29 19:00:00
1748,1575050400000,1.767e-05,1.769e-05,1.755e-05,1.755e-05,31630.0,2019-11-29 18:00:00
1749,1575046800000,1.777e-05,1.781e-05,1.765e-05,1.767e-05,15263.0,2019-11-29 17:00:00
1750,1575043200000,1.783e-05,1.79e-05,1.767e-05,1.767e-05,9991.0,2019-11-29 16:00:00
1751,1575039600000,1.784e-05,1.797e-05,1.775e-05,1.789e-05,11338.0,2019-11-29 15:00:00
1752,1575036000000,1.774e-05,1.785e-05,1.77e-05,1.78e-05,21332.0,2019-11-29 14:00:00
1753,1575032400000,1.823e-05,1.823e-05,1.774e-05,1.774e-05,34625.0,2019-11-29 13:00:00
1754,1575028800000,1.807e-05,1.837e-05,1.798e-05,1.812e-05,66367.0,2019-11-29 12:00:00
1755,1575025200000,1.787e-05,1.814e-05,1.77e-05,1.801e-05,66247.0,2019-11-29 11:00:00
1756,1575021600000,1.793e-05,1.794e-05,1.793e-05,1.794e-05,1251.0,2019-11-29 10:00:00
1757,1575018000000,1.79e-05,1.814e-05,1.771e-05,1.782e-05,238366.0,2019-11-29 09:00:00
1758,1575014400000,1.789e-05,1.828e-05,1.784e-05,1.785e-05,50310.0,2019-11-29 08:00:00
1759,1575010800000,1.797e-05,1.801e-05,1.783e-05,1.798e-05,31542.0,2019-11-29 07:00:00
1760,1575007200000,1.797e-05,1.8e-05,1.786e-05,1.797e-05,5620.0,2019-11-29 06:00:00
1761,1575003600000,1.797e-05,1.802e-05,1.796e-05,1.797e-05,4937.0,2019-11-29 05:00:00
1762,1575000000000,1.795e-05,1.8e-05,1.783e-05,1.8e-05,12327.0,2019-11-29 04:00:00
1763,1574996400000,1.796e-05,1.805e-05,1.782e-05,1.782e-05,57935.0,2019-11-29 03:00:00
1764,1574992800000,1.797e-05,1.797e-05,1.795e-05,1.796e-05,9520.0,2019-11-29 02:00:00
1765,1574989200000,1.8e-05,1.807e-05,1.798e-05,1.8e-05,5461.0,2019-11-29 01:00:00
1766,1574985600000,1.808e-05,1.827e-05,1.798e-05,1.798e-05,20939.0,2019-11-29 00:00:00
1767,1574982000000,1.801e-05,1.81e-05,1.799e-05,1.809e-05,13473.0,2019-11-28 23:00:00
1768,1574978400000,1.808e-05,1.811e-05,1.797e-05,1.8e-05,13397.0,2019-11-28 22:00:00
1769,1574974800000,1.838e-05,1.838e-05,1.797e-05,1.802e-05,123780.0,2019-11-28 21:00:00
1770,1574971200000,1.81e-05,1.839e-05,1.796e-05,1.836e-05,285643.0,2019-11-28 20:00:00
1771,1574967600000,1.81e-05,1.869e-05,1.8e-05,1.805e-05,808964.0,2019-11-28 19:00:00
1772,1574964000000,1.815e-05,1.823e-05,1.804e-05,1.81e-05,29964.0,2019-11-28 18:00:00
1773,1574960400000,1.803e-05,1.833e-05,1.791e-05,1.814e-05,240160.0,2019-11-28 17:00:00
1774,1574956800000,1.795e-05,1.822e-05,1.79e-05,1.805e-05,20213.0,2019-11-28 16:00:00
1775,1574953200000,1.815e-05,1.828e-05,1.783e-05,1.789e-05,38534.0,2019-11-28 15:00:00
1776,1574949600000,1.781e-05,1.825e-05,1.773e-05,1.814e-05,248230.0,2019-11-28 14:00:00
1777,1574946000000,1.763e-05,1.783e-05,1.756e-05,1.772e-05,197610.0,2019-11-28 13:00:00
1778,1574942400000,1.766e-05,1.772e-05,1.763e-05,1.763e-05,28429.0,2019-11-28 12:00:00
1779,1574938800000,1.773e-05,1.782e-05,1.762e-05,1.766e-05,45884.0,2019-11-28 11:00:00
1780,1574935200000,1.765e-05,1.782e-05,1.746e-05,1.778e-05,37450.0,2019-11-28 10:00:00
1781,1574931600000,1.772e-05,1.809e-05,1.75e-05,1.76e-05,136617.0,2019-11-28 09:00:00
1782,1574928000000,1.779e-05,1.786e-05,1.768e-05,1.768e-05,23355.0,2019-11-28 08:00:00
1783,1574924400000,1.794e-05,1.794e-05,1.777e-05,1.779e-05,3983.0,2019-11-28 07:00:00
1784,1574920800000,1.78e-05,1.801e-05,1.77e-05,1.787e-05,32381.0,2019-11-28 06:00:00
1785,1574917200000,1.776e-05,1.786e-05,1.768e-05,1.781e-05,10068.0,2019-11-28 05:00:00
1786,1574913600000,1.782e-05,1.787e-05,1.743e-05,1.776e-05,100023.0,2019-11-28 04:00:00
1787,1574910000000,1.777e-05,1.788e-05,1.777e-05,1.782e-05,207.0,2019-11-28 03:00:00
1788,1574906400000,1.792e-05,1.793e-05,1.788e-05,1.793e-05,1000.0,2019-11-28 02:00:00
1789,1574902800000,1.787e-05,1.793e-05,1.776e-05,1.792e-05,9490.0,2019-11-28 01:00:00
1790,1574899200000,1.789e-05,1.803e-05,1.776e-05,1.792e-05,57441.0,2019-11-28 00:00:00
1791,1574895600000,1.795e-05,1.835e-05,1.776e-05,1.789e-05,200459.0,2019-11-27 23:00:00
1792,1574892000000,1.796e-05,1.806e-05,1.771e-05,1.782e-05,26129.0,2019-11-27 22:00:00
1793,1574888400000,1.807e-05,1.809e-05,1.796e-05,1.796e-05,11037.0,2019-11-27 21:00:00
1794,1574884800000,1.807e-05,1.835e-05,1.791e-05,1.807e-05,222365.0,2019-11-27 20:00:00
1795,1574881200000,1.818e-05,1.823e-05,1.776e-05,1.807e-05,48652.0,2019-11-27 19:00:00
1796,1574877600000,1.802e-05,1.824e-05,1.802e-05,1.804e-05,44339.0,2019-11-27 18:00:00
1797,1574874000000,1.749e-05,1.83e-05,1.738e-05,1.814e-05,437622.0,2019-11-27 17:00:00
1798,1574870400000,1.811e-05,1.814e-05,1.749e-05,1.749e-05,63765.0,2019-11-27 16:00:00
1799,1574866800000,1.808e-05,1.816e-05,1.799e-05,1.799e-05,22626.0,2019-11-27 15:00:00
1800,1574863200000,1.783e-05,1.808e-05,1.782e-05,1.808e-05,50493.0,2019-11-27 14:00:00
1801,1574859600000,1.779e-05,1.792e-05,1.769e-05,1.791e-05,12245.0,2019-11-27 13:00:00
1802,1574856000000,1.792e-05,1.794e-05,1.769e-05,1.779e-05,48778.0,2019-11-27 12:00:00
1803,1574852400000,1.788e-05,1.819e-05,1.778e-05,1.792e-05,35857.0,2019-11-27 11:00:00
1804,1574848800000,1.765e-05,1.793e-05,1.757e-05,1.779e-05,42062.0,2019-11-27 10:00:00
1805,1574845200000,1.816e-05,1.818e-05,1.729e-05,1.77e-05,159319.0,2019-11-27 09:00:00
1806,1574841600000,1.806e-05,1.814e-05,1.794e-05,1.814e-05,21952.0,2019-11-27 08:00:00
1807,1574838000000,1.8e-05,1.805e-05,1.788e-05,1.803e-05,12746.0,2019-11-27 07:00:00
1808,1574834400000,1.783e-05,1.801e-05,1.78e-05,1.801e-05,6678.0,2019-11-27 06:00:00
1809,1574830800000,1.79e-05,1.8e-05,1.784e-05,1.784e-05,1943.0,2019-11-27 05:00:00
1810,1574827200000,1.784e-05,1.794e-05,1.774e-05,1.79e-05,24904.0,2019-11-27 04:00:00
1811,1574823600000,1.817e-05,1.821e-05,1.784e-05,1.784e-05,109809.0,2019-11-27 03:00:00
1812,1574820000000,1.822e-05,1.827e-05,1.8e-05,1.817e-05,49010.0,2019-11-27 02:00:00
1813,1574816400000,1.823e-05,1.834e-05,1.819e-05,1.823e-05,13909.0,2019-11-27 01:00:00
1814,1574812800000,1.833e-05,1.843e-05,1.808e-05,1.823e-05,55527.0,2019-11-27 00:00:00
1815,1574809200000,1.842e-05,1.849e-05,1.821e-05,1.833e-05,44073.0,2019-11-26 23:00:00
1816,1574805600000,1.812e-05,1.852e-05,1.805e-05,1.842e-05,73417.0,2019-11-26 22:00:00
1817,1574802000000,1.839e-05,1.841e-05,1.798e-05,1.812e-05,69793.0,2019-11-26 21:00:00
1818,1574798400000,1.82e-05,1.84e-05,1.816e-05,1.829e-05,13314.0,2019-11-26 20:00:00
1819,1574794800000,1.857e-05,1.857e-05,1.812e-05,1.813e-05,54177.0,2019-11-26 19:00:00
1820,1574791200000,1.825e-05,1.869e-05,1.825e-05,1.858e-05,100584.0,2019-11-26 18:00:00
1821,1574787600000,1.813e-05,1.836e-05,1.795e-05,1.817e-05,45281.0,2019-11-26 17:00:00
1822,1574784000000,1.813e-05,1.818e-05,1.795e-05,1.8e-05,78077.0,2019-11-26 16:00:00
1823,1574780400000,1.84e-05,1.853e-05,1.798e-05,1.813e-05,406203.0,2019-11-26 15:00:00
1824,1574776800000,1.848e-05,1.904e-05,1.835e-05,1.837e-05,235852.0,2019-11-26 14:00:00
1825,1574773200000,1.77e-05,1.95e-05,1.77e-05,1.837e-05,1734089.0,2019-11-26 13:00:00
1826,1574769600000,1.706e-05,1.771e-05,1.706e-05,1.77e-05,134556.0,2019-11-26 12:00:00
1827,1574766000000,1.718e-05,1.729e-05,1.693e-05,1.705e-05,27550.0,2019-11-26 11:00:00
1828,1574762400000,1.706e-05,1.73e-05,1.706e-05,1.716e-05,50670.0,2019-11-26 10:00:00
1829,1574758800000,1.69e-05,1.703e-05,1.68e-05,1.703e-05,25297.0,2019-11-26 09:00:00
1830,1574755200000,1.682e-05,1.69e-05,1.675e-05,1.69e-05,33401.0,2019-11-26 08:00:00
1831,1574751600000,1.675e-05,1.687e-05,1.669e-05,1.669e-05,40665.0,2019-11-26 07:00:00
1832,1574748000000,1.681e-05,1.689e-05,1.671e-05,1.689e-05,38037.0,2019-11-26 06:00:00
1833,1574744400000,1.705e-05,1.708e-05,1.681e-05,1.681e-05,11160.0,2019-11-26 05:00:00
1834,1574740800000,1.712e-05,1.721e-05,1.692e-05,1.696e-05,5971.0,2019-11-26 04:00:00
1835,1574737200000,1.689e-05,1.73e-05,1.689e-05,1.711e-05,34192.0,2019-11-26 03:00:00
1836,1574733600000,1.682e-05,1.697e-05,1.678e-05,1.689e-05,34514.0,2019-11-26 02:00:00
1837,1574730000000,1.67e-05,1.687e-05,1.656e-05,1.677e-05,30638.0,2019-11-26 01:00:00
1838,1574726400000,1.676e-05,1.684e-05,1.668e-05,1.673e-05,6917.0,2019-11-26 00:00:00
1839,1574722800000,1.683e-05,1.692e-05,1.669e-05,1.67e-05,54020.0,2019-11-25 23:00:00
1840,1574719200000,1.662e-05,1.693e-05,1.66e-05,1.673e-05,22209.0,2019-11-25 22:00:00
1841,1574715600000,1.654e-05,1.66e-05,1.654e-05,1.656e-05,3547.0,2019-11-25 21:00:00
1842,1574712000000,1.65e-05,1.662e-05,1.644e-05,1.662e-05,5520.0,2019-11-25 20:00:00
1843,1574708400000,1.653e-05,1.658e-05,1.65e-05,1.65e-05,3934.0,2019-11-25 19:00:00
1844,1574704800000,1.658e-05,1.668e-05,1.645e-05,1.66e-05,8916.0,2019-11-25 18:00:00
1845,1574701200000,1.65e-05,1.658e-05,1.644e-05,1.658e-05,2094.0,2019-11-25 17:00:00
1846,1574697600000,1.656e-05,1.658e-05,1.643e-05,1.658e-05,15103.0,2019-11-25 16:00:00
1847,1574694000000,1.655e-05,1.665e-05,1.637e-05,1.66e-05,57302.0,2019-11-25 15:00:00
1848,1574690400000,1.634e-05,1.669e-05,1.623e-05,1.664e-05,55966.0,2019-11-25 14:00:00
1849,1574686800000,1.685e-05,1.696e-05,1.616e-05,1.634e-05,82913.0,2019-11-25 13:00:00
1850,1574683200000,1.722e-05,1.73e-05,1.675e-05,1.682e-05,45347.0,2019-11-25 12:00:00
1851,1574679600000,1.753e-05,1.753e-05,1.692e-05,1.711e-05,79576.0,2019-11-25 11:00:00
1852,1574676000000,1.64e-05,1.761e-05,1.631e-05,1.739e-05,334361.0,2019-11-25 10:00:00
1853,1574672400000,1.634e-05,1.672e-05,1.627e-05,1.64e-05,41707.0,2019-11-25 09:00:00
1854,1574668800000,1.648e-05,1.663e-05,1.622e-05,1.634e-05,7404.0,2019-11-25 08:00:00
1855,1574665200000,1.622e-05,1.665e-05,1.6e-05,1.647e-05,158714.0,2019-11-25 07:00:00
1856,1574661600000,1.611e-05,1.628e-05,1.585e-05,1.622e-05,29466.0,2019-11-25 06:00:00
1857,1574658000000,1.611e-05,1.641e-05,1.6e-05,1.615e-05,41745.0,2019-11-25 05:00:00
1858,1574654400000,1.615e-05,1.626e-05,1.568e-05,1.611e-05,77897.0,2019-11-25 04:00:00
1859,1574643600000,1.63e-05,1.641e-05,1.612e-05,1.622e-05,56337.0,2019-11-25 01:00:00
1860,1574640000000,1.659e-05,1.661e-05,1.621e-05,1.632e-05,40821.0,2019-11-25 00:00:00
1861,1574636400000,1.673e-05,1.683e-05,1.655e-05,1.659e-05,6181.0,2019-11-24 23:00:00
1862,1574632800000,1.668e-05,1.69e-05,1.666e-05,1.673e-05,9811.0,2019-11-24 22:00:00
1863,1574629200000,1.672e-05,1.674e-05,1.67e-05,1.672e-05,4339.0,2019-11-24 21:00:00
1864,1574625600000,1.666e-05,1.691e-05,1.656e-05,1.675e-05,30986.0,2019-11-24 20:00:00
1865,1574622000000,1.662e-05,1.664e-05,1.655e-05,1.664e-05,2085.0,2019-11-24 19:00:00
1866,1574618400000,1.65e-05,1.668e-05,1.643e-05,1.663e-05,2624.0,2019-11-24 18:00:00
1867,1574614800000,1.631e-05,1.653e-05,1.631e-05,1.653e-05,4215.0,2019-11-24 17:00:00
1868,1574611200000,1.635e-05,1.643e-05,1.622e-05,1.636e-05,22159.0,2019-11-24 16:00:00
1869,1574607600000,1.658e-05,1.658e-05,1.63e-05,1.649e-05,45029.0,2019-11-24 15:00:00
1870,1574604000000,1.69e-05,1.691e-05,1.656e-05,1.658e-05,23628.0,2019-11-24 14:00:00
1871,1574600400000,1.681e-05,1.7e-05,1.669e-05,1.68e-05,31281.0,2019-11-24 13:00:00
1872,1574596800000,1.693e-05,1.693e-05,1.673e-05,1.673e-05,24087.0,2019-11-24 12:00:00
1873,1574593200000,1.699e-05,1.699e-05,1.663e-05,1.689e-05,15092.0,2019-11-24 11:00:00
1874,1574589600000,1.696e-05,1.7e-05,1.682e-05,1.682e-05,5615.0,2019-11-24 10:00:00
1875,1574586000000,1.69e-05,1.69e-05,1.69e-05,1.69e-05,6.0,2019-11-24 09:00:00
1876,1574582400000,1.69e-05,1.69e-05,1.677e-05,1.69e-05,11283.0,2019-11-24 08:00:00
1877,1574578800000,1.679e-05,1.7e-05,1.678e-05,1.69e-05,28121.0,2019-11-24 07:00:00
1878,1574575200000,1.671e-05,1.692e-05,1.671e-05,1.692e-05,26820.0,2019-11-24 06:00:00
1879,1574571600000,1.663e-05,1.676e-05,1.663e-05,1.671e-05,5620.0,2019-11-24 05:00:00
1880,1574568000000,1.68e-05,1.681e-05,1.651e-05,1.665e-05,17036.0,2019-11-24 04:00:00
1881,1574564400000,1.682e-05,1.682e-05,1.68e-05,1.68e-05,347.0,2019-11-24 03:00:00
1882,1574560800000,1.689e-05,1.696e-05,1.674e-05,1.685e-05,9211.0,2019-11-24 02:00:00
1883,1574557200000,1.691e-05,1.701e-05,1.684e-05,1.698e-05,4459.0,2019-11-24 01:00:00
1884,1574553600000,1.701e-05,1.706e-05,1.691e-05,1.691e-05,7937.0,2019-11-24 00:00:00
1885,1574550000000,1.693e-05,1.706e-05,1.688e-05,1.706e-05,6955.0,2019-11-23 23:00:00
1886,1574546400000,1.686e-05,1.7e-05,1.683e-05,1.697e-05,10726.0,2019-11-23 22:00:00
1887,1574542800000,1.681e-05,1.689e-05,1.671e-05,1.686e-05,2555.0,2019-11-23 21:00:00
1888,1574539200000,1.689e-05,1.689e-05,1.681e-05,1.681e-05,707.0,2019-11-23 20:00:00
1889,1574535600000,1.687e-05,1.689e-05,1.68e-05,1.684e-05,5273.0,2019-11-23 19:00:00
1890,1574532000000,1.682e-05,1.687e-05,1.67e-05,1.687e-05,2176.0,2019-11-23 18:00:00
1891,1574528400000,1.684e-05,1.685e-05,1.684e-05,1.685e-05,600.0,2019-11-23 17:00:00
1892,1574524800000,1.688e-05,1.69e-05,1.679e-05,1.686e-05,3528.0,2019-11-23 16:00:00
1893,1574521200000,1.683e-05,1.69e-05,1.678e-05,1.678e-05,4764.0,2019-11-23 15:00:00
1894,1574517600000,1.675e-05,1.693e-05,1.672e-05,1.683e-05,21068.0,2019-11-23 14:00:00
1895,1574514000000,1.669e-05,1.676e-05,1.669e-05,1.669e-05,6680.0,2019-11-23 13:00:00
1896,1574510400000,1.666e-05,1.669e-05,1.659e-05,1.669e-05,19131.0,2019-11-23 12:00:00
1897,1574506800000,1.659e-05,1.665e-05,1.659e-05,1.665e-05,14366.0,2019-11-23 11:00:00
1898,1574503200000,1.657e-05,1.662e-05,1.643e-05,1.662e-05,21884.0,2019-11-23 10:00:00
1899,1574499600000,1.654e-05,1.656e-05,1.646e-05,1.656e-05,9105.0,2019-11-23 09:00:00
1900,1574496000000,1.64e-05,1.667e-05,1.639e-05,1.655e-05,16019.0,2019-11-23 08:00:00
1901,1574492400000,1.634e-05,1.64e-05,1.633e-05,1.64e-05,6041.0,2019-11-23 07:00:00
1902,1574488800000,1.633e-05,1.648e-05,1.63e-05,1.635e-05,25877.0,2019-11-23 06:00:00
1903,1574485200000,1.62e-05,1.64e-05,1.62e-05,1.631e-05,19380.0,2019-11-23 05:00:00
1904,1574481600000,1.622e-05,1.626e-05,1.621e-05,1.626e-05,793.0,2019-11-23 04:00:00
1905,1574478000000,1.632e-05,1.639e-05,1.62e-05,1.62e-05,7195.0,2019-11-23 03:00:00
1906,1574474400000,1.64e-05,1.645e-05,1.627e-05,1.632e-05,13574.0,2019-11-23 02:00:00
1907,1574470800000,1.652e-05,1.653e-05,1.633e-05,1.651e-05,20062.0,2019-11-23 01:00:00
1908,1574467200000,1.651e-05,1.659e-05,1.642e-05,1.653e-05,23118.0,2019-11-23 00:00:00
1909,1574463600000,1.648e-05,1.656e-05,1.636e-05,1.653e-05,28438.0,2019-11-22 23:00:00
1910,1574460000000,1.64e-05,1.654e-05,1.64e-05,1.648e-05,16968.0,2019-11-22 22:00:00
1911,1574456400000,1.641e-05,1.646e-05,1.633e-05,1.636e-05,19852.0,2019-11-22 21:00:00
1912,1574452800000,1.622e-05,1.645e-05,1.621e-05,1.635e-05,17808.0,2019-11-22 20:00:00
1913,1574449200000,1.637e-05,1.64e-05,1.618e-05,1.618e-05,25861.0,2019-11-22 19:00:00
1914,1574445600000,1.635e-05,1.644e-05,1.627e-05,1.639e-05,8630.0,2019-11-22 18:00:00
1915,1574442000000,1.641e-05,1.645e-05,1.631e-05,1.635e-05,3140.0,2019-11-22 17:00:00
1916,1574438400000,1.637e-05,1.645e-05,1.626e-05,1.641e-05,11997.0,2019-11-22 16:00:00
1917,1574434800000,1.615e-05,1.636e-05,1.609e-05,1.624e-05,27388.0,2019-11-22 15:00:00
1918,1574431200000,1.651e-05,1.658e-05,1.592e-05,1.615e-05,91267.0,2019-11-22 14:00:00
1919,1574427600000,1.685e-05,1.685e-05,1.641e-05,1.654e-05,73810.0,2019-11-22 13:00:00
1920,1574424000000,1.688e-05,1.693e-05,1.671e-05,1.675e-05,40875.0,2019-11-22 12:00:00
1921,1574420400000,1.652e-05,1.688e-05,1.639e-05,1.678e-05,25385.0,2019-11-22 11:00:00
1922,1574416800000,1.677e-05,1.692e-05,1.602e-05,1.652e-05,106228.0,2019-11-22 10:00:00
1923,1574413200000,1.7e-05,1.702e-05,1.661e-05,1.674e-05,36458.0,2019-11-22 09:00:00
1924,1574409600000,1.691e-05,1.705e-05,1.674e-05,1.694e-05,31296.0,2019-11-22 08:00:00
1925,1574406000000,1.71e-05,1.717e-05,1.674e-05,1.7e-05,85568.0,2019-11-22 07:00:00
1926,1574402400000,1.764e-05,1.769e-05,1.703e-05,1.718e-05,140430.0,2019-11-22 06:00:00
1927,1574398800000,1.761e-05,1.768e-05,1.759e-05,1.768e-05,759.0,2019-11-22 05:00:00
1928,1574395200000,1.766e-05,1.775e-05,1.761e-05,1.761e-05,20945.0,2019-11-22 04:00:00
1929,1574391600000,1.765e-05,1.777e-05,1.761e-05,1.77e-05,1957.0,2019-11-22 03:00:00
1930,1574388000000,1.77e-05,1.771e-05,1.752e-05,1.765e-05,9712.0,2019-11-22 02:00:00
1931,1574384400000,1.752e-05,1.772e-05,1.751e-05,1.762e-05,9425.0,2019-11-22 01:00:00
1932,1574380800000,1.772e-05,1.772e-05,1.75e-05,1.752e-05,41476.0,2019-11-22 00:00:00
1933,1574377200000,1.779e-05,1.796e-05,1.761e-05,1.772e-05,30380.0,2019-11-21 23:00:00
1934,1574373600000,1.765e-05,1.781e-05,1.765e-05,1.77e-05,16863.0,2019-11-21 22:00:00
1935,1574370000000,1.767e-05,1.774e-05,1.764e-05,1.767e-05,1251.0,2019-11-21 21:00:00
1936,1574366400000,1.766e-05,1.776e-05,1.766e-05,1.767e-05,8793.0,2019-11-21 20:00:00
1937,1574362800000,1.767e-05,1.782e-05,1.759e-05,1.768e-05,4648.0,2019-11-21 19:00:00
1938,1574359200000,1.766e-05,1.776e-05,1.756e-05,1.756e-05,1707.0,2019-11-21 18:00:00
1939,1574355600000,1.767e-05,1.781e-05,1.766e-05,1.767e-05,111.0,2019-11-21 17:00:00
1940,1574352000000,1.749e-05,1.779e-05,1.749e-05,1.767e-05,14807.0,2019-11-21 16:00:00
1941,1574348400000,1.748e-05,1.759e-05,1.742e-05,1.749e-05,12153.0,2019-11-21 15:00:00
1942,1574344800000,1.748e-05,1.764e-05,1.747e-05,1.747e-05,18915.0,2019-11-21 14:00:00
1943,1574341200000,1.751e-05,1.777e-05,1.749e-05,1.749e-05,17749.0,2019-11-21 13:00:00
1944,1574337600000,1.766e-05,1.766e-05,1.739e-05,1.75e-05,48430.0,2019-11-21 12:00:00
1945,1574334000000,1.779e-05,1.794e-05,1.748e-05,1.766e-05,48967.0,2019-11-21 11:00:00
1946,1574330400000,1.808e-05,1.817e-05,1.761e-05,1.78e-05,62193.0,2019-11-21 10:00:00
1947,1574326800000,1.807e-05,1.818e-05,1.791e-05,1.808e-05,48538.0,2019-11-21 09:00:00
1948,1574323200000,1.805e-05,1.827e-05,1.802e-05,1.811e-05,7034.0,2019-11-21 08:00:00
1949,1574319600000,1.822e-05,1.822e-05,1.802e-05,1.812e-05,27232.0,2019-11-21 07:00:00
1950,1574316000000,1.828e-05,1.835e-05,1.823e-05,1.831e-05,6049.0,2019-11-21 06:00:00
1951,1574312400000,1.838e-05,1.838e-05,1.838e-05,1.838e-05,547.0,2019-11-21 05:00:00
1952,1574308800000,1.827e-05,1.839e-05,1.827e-05,1.837e-05,621.0,2019-11-21 04:00:00
1953,1574305200000,1.841e-05,1.841e-05,1.82e-05,1.827e-05,15048.0,2019-11-21 03:00:00
1954,1574301600000,1.842e-05,1.847e-05,1.836e-05,1.841e-05,4273.0,2019-11-21 02:00:00
1955,1574298000000,1.854e-05,1.854e-05,1.844e-05,1.848e-05,2591.0,2019-11-21 01:00:00
1956,1574294400000,1.845e-05,1.854e-05,1.842e-05,1.854e-05,6474.0,2019-11-21 00:00:00
1957,1574290800000,1.835e-05,1.846e-05,1.835e-05,1.846e-05,369.0,2019-11-20 23:00:00
1958,1574287200000,1.838e-05,1.842e-05,1.83e-05,1.839e-05,4437.0,2019-11-20 22:00:00
1959,1574283600000,1.833e-05,1.848e-05,1.817e-05,1.845e-05,24003.0,2019-11-20 21:00:00
1960,1574280000000,1.849e-05,1.851e-05,1.829e-05,1.833e-05,22714.0,2019-11-20 20:00:00
1961,1574276400000,1.85e-05,1.871e-05,1.835e-05,1.854e-05,46482.0,2019-11-20 19:00:00
1962,1574272800000,1.854e-05,1.858e-05,1.849e-05,1.85e-05,3303.0,2019-11-20 18:00:00
1963,1574269200000,1.862e-05,1.862e-05,1.854e-05,1.858e-05,8920.0,2019-11-20 17:00:00
1964,1574265600000,1.913e-05,1.914e-05,1.855e-05,1.862e-05,110785.0,2019-11-20 16:00:00
1965,1574262000000,1.883e-05,1.914e-05,1.881e-05,1.902e-05,46105.0,2019-11-20 15:00:00
1966,1574258400000,1.877e-05,1.892e-05,1.869e-05,1.872e-05,15912.0,2019-11-20 14:00:00
1967,1574254800000,1.881e-05,1.895e-05,1.865e-05,1.865e-05,48029.0,2019-11-20 13:00:00
1968,1574251200000,1.853e-05,1.881e-05,1.852e-05,1.875e-05,12145.0,2019-11-20 12:00:00
1969,1574247600000,1.855e-05,1.859e-05,1.839e-05,1.854e-05,6370.0,2019-11-20 11:00:00
1970,1574244000000,1.87e-05,1.876e-05,1.848e-05,1.855e-05,8753.0,2019-11-20 10:00:00
1971,1574240400000,1.874e-05,1.878e-05,1.87e-05,1.87e-05,1501.0,2019-11-20 09:00:00
1972,1574236800000,1.875e-05,1.893e-05,1.867e-05,1.868e-05,25535.0,2019-11-20 08:00:00
1973,1574233200000,1.886e-05,1.887e-05,1.872e-05,1.88e-05,13277.0,2019-11-20 07:00:00
1974,1574229600000,1.877e-05,1.886e-05,1.875e-05,1.886e-05,4404.0,2019-11-20 06:00:00
1975,1574226000000,1.876e-05,1.888e-05,1.876e-05,1.877e-05,2607.0,2019-11-20 05:00:00
1976,1574222400000,1.894e-05,1.894e-05,1.876e-05,1.877e-05,5778.0,2019-11-20 04:00:00
1977,1574218800000,1.894e-05,1.894e-05,1.894e-05,1.894e-05,0.0,2019-11-20 03:00:00
1978,1574215200000,1.885e-05,1.894e-05,1.878e-05,1.894e-05,14790.0,2019-11-20 02:00:00
1979,1574211600000,1.877e-05,1.889e-05,1.869e-05,1.876e-05,11257.0,2019-11-20 01:00:00
1980,1574208000000,1.873e-05,1.884e-05,1.866e-05,1.866e-05,4365.0,2019-11-20 00:00:00
1981,1574204400000,1.859e-05,1.873e-05,1.856e-05,1.865e-05,2476.0,2019-11-19 23:00:00
1982,1574200800000,1.858e-05,1.87e-05,1.854e-05,1.859e-05,7226.0,2019-11-19 22:00:00
1983,1574197200000,1.837e-05,1.858e-05,1.837e-05,1.849e-05,6747.0,2019-11-19 21:00:00
1984,1574193600000,1.837e-05,1.849e-05,1.836e-05,1.848e-05,1303.0,2019-11-19 20:00:00
1985,1574190000000,1.835e-05,1.836e-05,1.835e-05,1.836e-05,20092.0,2019-11-19 19:00:00
1986,1574186400000,1.847e-05,1.848e-05,1.834e-05,1.835e-05,4925.0,2019-11-19 18:00:00
1987,1574182800000,1.839e-05,1.851e-05,1.836e-05,1.844e-05,5680.0,2019-11-19 17:00:00
1988,1574179200000,1.823e-05,1.838e-05,1.823e-05,1.838e-05,9407.0,2019-11-19 16:00:00
1989,1574175600000,1.836e-05,1.839e-05,1.82e-05,1.823e-05,13247.0,2019-11-19 15:00:00
1990,1574172000000,1.822e-05,1.845e-05,1.813e-05,1.825e-05,38789.0,2019-11-19 14:00:00
1991,1574168400000,1.831e-05,1.831e-05,1.823e-05,1.825e-05,4233.0,2019-11-19 13:00:00
1992,1574164800000,1.831e-05,1.831e-05,1.818e-05,1.829e-05,12441.0,2019-11-19 12:00:00
1993,1574161200000,1.844e-05,1.855e-05,1.824e-05,1.831e-05,25324.0,2019-11-19 11:00:00
1994,1574157600000,1.855e-05,1.856e-05,1.843e-05,1.843e-05,8669.0,2019-11-19 10:00:00
1995,1574154000000,1.848e-05,1.855e-05,1.84e-05,1.846e-05,13128.0,2019-11-19 09:00:00
1996,1574150400000,1.835e-05,1.849e-05,1.832e-05,1.849e-05,12927.0,2019-11-19 08:00:00
1997,1574146800000,1.858e-05,1.86e-05,1.832e-05,1.834e-05,18242.0,2019-11-19 07:00:00
1998,1574143200000,1.844e-05,1.867e-05,1.844e-05,1.86e-05,6740.0,2019-11-19 06:00:00
1999,1574139600000,1.844e-05,1.85e-05,1.842e-05,1.85e-05,7408.0,2019-11-19 05:00:00
2000,1574136000000,1.877e-05,1.877e-05,1.832e-05,1.848e-05,56197.0,2019-11-19 04:00:00
2001,1574132400000,1.876e-05,1.892e-05,1.875e-05,1.877e-05,5332.0,2019-11-19 03:00:00
2002,1574128800000,1.875e-05,1.887e-05,1.874e-05,1.886e-05,5734.0,2019-11-19 02:00:00
2003,1574125200000,1.886e-05,1.887e-05,1.87e-05,1.886e-05,26965.0,2019-11-19 01:00:00
2004,1574121600000,1.898e-05,1.898e-05,1.88e-05,1.892e-05,12189.0,2019-11-19 00:00:00
2005,1574118000000,1.896e-05,1.899e-05,1.891e-05,1.895e-05,2270.0,2019-11-18 23:00:00
2006,1574114400000,1.888e-05,1.9e-05,1.888e-05,1.888e-05,5466.0,2019-11-18 22:00:00
2007,1574110800000,1.892e-05,1.894e-05,1.888e-05,1.888e-05,13510.0,2019-11-18 21:00:00
2008,1574107200000,1.902e-05,1.902e-05,1.89e-05,1.892e-05,15089.0,2019-11-18 20:00:00
2009,1574103600000,1.904e-05,1.904e-05,1.891e-05,1.902e-05,1200.0,2019-11-18 19:00:00
2010,1574100000000,1.898e-05,1.914e-05,1.89e-05,1.904e-05,22477.0,2019-11-18 18:00:00
2011,1574096400000,1.891e-05,1.905e-05,1.89e-05,1.901e-05,17813.0,2019-11-18 17:00:00
2012,1574092800000,1.895e-05,1.908e-05,1.884e-05,1.891e-05,22070.0,2019-11-18 16:00:00
2013,1574089200000,1.886e-05,1.899e-05,1.874e-05,1.885e-05,57439.0,2019-11-18 15:00:00
2014,1574085600000,1.878e-05,1.881e-05,1.875e-05,1.881e-05,11390.0,2019-11-18 14:00:00
2015,1574082000000,1.887e-05,1.892e-05,1.869e-05,1.875e-05,14713.0,2019-11-18 13:00:00
2016,1574078400000,1.887e-05,1.89e-05,1.864e-05,1.887e-05,100363.0,2019-11-18 12:00:00
2017,1574074800000,1.912e-05,1.915e-05,1.875e-05,1.887e-05,154670.0,2019-11-18 11:00:00
2018,1574071200000,1.92e-05,1.926e-05,1.907e-05,1.918e-05,54901.0,2019-11-18 10:00:00
2019,1574067600000,1.922e-05,1.926e-05,1.919e-05,1.919e-05,3851.0,2019-11-18 09:00:00
2020,1574064000000,1.916e-05,1.925e-05,1.912e-05,1.925e-05,8779.0,2019-11-18 08:00:00
2021,1574060400000,1.916e-05,1.924e-05,1.912e-05,1.924e-05,3223.0,2019-11-18 07:00:00
2022,1574056800000,1.917e-05,1.921e-05,1.912e-05,1.913e-05,2675.0,2019-11-18 06:00:00
2023,1574053200000,1.918e-05,1.918e-05,1.912e-05,1.918e-05,2522.0,2019-11-18 05:00:00
2024,1574049600000,1.915e-05,1.94e-05,1.915e-05,1.918e-05,8629.0,2019-11-18 04:00:00
2025,1574046000000,1.92e-05,1.925e-05,1.911e-05,1.914e-05,6621.0,2019-11-18 03:00:00
2026,1574042400000,1.925e-05,1.936e-05,1.92e-05,1.92e-05,2135.0,2019-11-18 02:00:00
2027,1574038800000,1.929e-05,1.929e-05,1.92e-05,1.925e-05,3178.0,2019-11-18 01:00:00
2028,1574035200000,1.926e-05,1.934e-05,1.921e-05,1.927e-05,16530.0,2019-11-18 00:00:00
2029,1574031600000,1.925e-05,1.931e-05,1.922e-05,1.931e-05,664.0,2019-11-17 23:00:00
2030,1574028000000,1.925e-05,1.937e-05,1.925e-05,1.931e-05,1219.0,2019-11-17 22:00:00
2031,1574024400000,1.935e-05,1.937e-05,1.92e-05,1.925e-05,15759.0,2019-11-17 21:00:00
2032,1574020800000,1.931e-05,1.935e-05,1.909e-05,1.933e-05,39593.0,2019-11-17 20:00:00
2033,1574017200000,1.934e-05,1.944e-05,1.933e-05,1.944e-05,530.0,2019-11-17 19:00:00
2034,1574013600000,1.941e-05,1.941e-05,1.926e-05,1.934e-05,8189.0,2019-11-17 18:00:00
2035,1574010000000,1.958e-05,1.958e-05,1.937e-05,1.941e-05,23473.0,2019-11-17 17:00:00
2036,1574006400000,1.943e-05,1.962e-05,1.94e-05,1.955e-05,57463.0,2019-11-17 16:00:00
2037,1574002800000,1.924e-05,1.973e-05,1.897e-05,1.933e-05,172841.0,2019-11-17 15:00:00
2038,1573999200000,1.921e-05,1.923e-05,1.91e-05,1.91e-05,2802.0,2019-11-17 14:00:00
2039,1573995600000,1.901e-05,1.932e-05,1.898e-05,1.921e-05,17002.0,2019-11-17 13:00:00
2040,1573992000000,1.912e-05,1.914e-05,1.902e-05,1.902e-05,2064.0,2019-11-17 12:00:00
2041,1573988400000,1.904e-05,1.937e-05,1.9e-05,1.906e-05,83783.0,2019-11-17 11:00:00
2042,1573984800000,1.899e-05,1.904e-05,1.89e-05,1.902e-05,15957.0,2019-11-17 10:00:00
2043,1573981200000,1.9e-05,1.911e-05,1.898e-05,1.9e-05,24138.0,2019-11-17 09:00:00
2044,1573977600000,1.908e-05,1.912e-05,1.898e-05,1.91e-05,12693.0,2019-11-17 08:00:00
2045,1573974000000,1.907e-05,1.92e-05,1.902e-05,1.909e-05,7120.0,2019-11-17 07:00:00
2046,1573970400000,1.917e-05,1.917e-05,1.907e-05,1.907e-05,6056.0,2019-11-17 06:00:00
2047,1573966800000,1.909e-05,1.917e-05,1.909e-05,1.917e-05,3196.0,2019-11-17 05:00:00
2048,1573963200000,1.916e-05,1.917e-05,1.908e-05,1.916e-05,9790.0,2019-11-17 04:00:00
2049,1573959600000,1.91e-05,1.916e-05,1.908e-05,1.916e-05,558.0,2019-11-17 03:00:00
2050,1573956000000,1.911e-05,1.92e-05,1.906e-05,1.92e-05,5185.0,2019-11-17 02:00:00
2051,1573952400000,1.914e-05,1.921e-05,1.91e-05,1.921e-05,8532.0,2019-11-17 01:00:00
2052,1573948800000,1.911e-05,1.92e-05,1.909e-05,1.909e-05,7681.0,2019-11-17 00:00:00
2053,1573945200000,1.906e-05,1.908e-05,1.905e-05,1.908e-05,1082.0,2019-11-16 23:00:00
2054,1573941600000,1.914e-05,1.914e-05,1.911e-05,1.912e-05,4232.0,2019-11-16 22:00:00
2055,1573938000000,1.914e-05,1.914e-05,1.905e-05,1.905e-05,1493.0,2019-11-16 21:00:00
2056,1573934400000,1.914e-05,1.92e-05,1.904e-05,1.914e-05,4015.0,2019-11-16 20:00:00
2057,1573930800000,1.914e-05,1.915e-05,1.902e-05,1.914e-05,9011.0,2019-11-16 19:00:00
2058,1573927200000,1.911e-05,1.913e-05,1.903e-05,1.908e-05,33558.0,2019-11-16 18:00:00
2059,1573923600000,1.902e-05,1.913e-05,1.902e-05,1.902e-05,21607.0,2019-11-16 17:00:00
2060,1573920000000,1.902e-05,1.91e-05,1.897e-05,1.91e-05,25075.0,2019-11-16 16:00:00
2061,1573916400000,1.911e-05,1.911e-05,1.89e-05,1.896e-05,33224.0,2019-11-16 15:00:00
2062,1573912800000,1.91e-05,1.913e-05,1.891e-05,1.912e-05,31011.0,2019-11-16 14:00:00
2063,1573909200000,1.914e-05,1.919e-05,1.906e-05,1.906e-05,6842.0,2019-11-16 13:00:00
2064,1573905600000,1.921e-05,1.921e-05,1.903e-05,1.914e-05,8055.0,2019-11-16 12:00:00
2065,1573902000000,1.909e-05,1.921e-05,1.909e-05,1.921e-05,4303.0,2019-11-16 11:00:00
2066,1573898400000,1.919e-05,1.923e-05,1.908e-05,1.909e-05,10827.0,2019-11-16 10:00:00
2067,1573894800000,1.913e-05,1.922e-05,1.907e-05,1.919e-05,6081.0,2019-11-16 09:00:00
2068,1573891200000,1.917e-05,1.922e-05,1.91e-05,1.919e-05,5816.0,2019-11-16 08:00:00
2069,1573887600000,1.904e-05,1.921e-05,1.895e-05,1.918e-05,50226.0,2019-11-16 07:00:00
2070,1573884000000,1.916e-05,1.916e-05,1.9e-05,1.904e-05,40109.0,2019-11-16 06:00:00
2071,1573880400000,1.921e-05,1.925e-05,1.901e-05,1.916e-05,40274.0,2019-11-16 05:00:00
2072,1573876800000,1.922e-05,1.926e-05,1.913e-05,1.92e-05,12398.0,2019-11-16 04:00:00
2073,1573873200000,1.931e-05,1.931e-05,1.921e-05,1.921e-05,2208.0,2019-11-16 03:00:00
2074,1573869600000,1.918e-05,1.93e-05,1.913e-05,1.92e-05,18456.0,2019-11-16 02:00:00
2075,1573866000000,1.92e-05,1.923e-05,1.915e-05,1.923e-05,22184.0,2019-11-16 01:00:00
2076,1573862400000,1.934e-05,1.934e-05,1.91e-05,1.913e-05,63931.0,2019-11-16 00:00:00
2077,1573858800000,1.927e-05,1.953e-05,1.923e-05,1.928e-05,22122.0,2019-11-15 23:00:00
2078,1573855200000,1.946e-05,1.948e-05,1.923e-05,1.927e-05,102902.0,2019-11-15 22:00:00
2079,1573851600000,1.945e-05,1.947e-05,1.936e-05,1.947e-05,2881.0,2019-11-15 21:00:00
2080,1573848000000,1.938e-05,1.949e-05,1.924e-05,1.947e-05,29558.0,2019-11-15 20:00:00
2081,1573844400000,1.94e-05,1.952e-05,1.925e-05,1.926e-05,17871.0,2019-11-15 19:00:00
2082,1573840800000,1.956e-05,1.956e-05,1.94e-05,1.947e-05,5491.0,2019-11-15 18:00:00
2083,1573837200000,1.94e-05,1.957e-05,1.937e-05,1.943e-05,40933.0,2019-11-15 17:00:00
2084,1573833600000,1.941e-05,1.942e-05,1.928e-05,1.941e-05,25214.0,2019-11-15 16:00:00
2085,1573830000000,1.954e-05,1.957e-05,1.917e-05,1.94e-05,145786.0,2019-11-15 15:00:00
2086,1573826400000,1.969e-05,2.02e-05,1.951e-05,1.951e-05,192467.0,2019-11-15 14:00:00
2087,1573822800000,1.91e-05,2.038e-05,1.897e-05,1.971e-05,698072.0,2019-11-15 13:00:00
2088,1573819200000,1.916e-05,1.924e-05,1.876e-05,1.912e-05,82050.0,2019-11-15 12:00:00
2089,1573815600000,1.914e-05,1.926e-05,1.905e-05,1.916e-05,40709.0,2019-11-15 11:00:00
2090,1573812000000,1.912e-05,1.926e-05,1.9e-05,1.924e-05,54117.0,2019-11-15 10:00:00
2091,1573808400000,1.918e-05,1.934e-05,1.876e-05,1.913e-05,154118.0,2019-11-15 09:00:00
2092,1573804800000,1.93e-05,1.943e-05,1.915e-05,1.918e-05,74779.0,2019-11-15 08:00:00
2093,1573801200000,1.927e-05,1.947e-05,1.921e-05,1.938e-05,100953.0,2019-11-15 07:00:00
2094,1573797600000,1.935e-05,1.935e-05,1.913e-05,1.92e-05,44523.0,2019-11-15 06:00:00
2095,1573794000000,1.915e-05,1.943e-05,1.909e-05,1.931e-05,175663.0,2019-11-15 05:00:00
2096,1573790400000,1.895e-05,1.925e-05,1.883e-05,1.922e-05,68558.0,2019-11-15 04:00:00
2097,1573786800000,1.9e-05,1.911e-05,1.882e-05,1.895e-05,30794.0,2019-11-15 03:00:00
2098,1573783200000,1.92e-05,1.923e-05,1.9e-05,1.9e-05,38563.0,2019-11-15 02:00:00
2099,1573779600000,1.902e-05,1.921e-05,1.902e-05,1.916e-05,56561.0,2019-11-15 01:00:00
2100,1573776000000,1.888e-05,1.918e-05,1.874e-05,1.894e-05,112056.0,2019-11-15 00:00:00
2101,1573772400000,1.896e-05,1.897e-05,1.873e-05,1.888e-05,84322.0,2019-11-14 23:00:00
2102,1573768800000,1.889e-05,1.905e-05,1.879e-05,1.89e-05,61294.0,2019-11-14 22:00:00
2103,1573765200000,1.9e-05,1.918e-05,1.87e-05,1.886e-05,203021.0,2019-11-14 21:00:00
2104,1573761600000,1.994e-05,2.138e-05,1.878e-05,1.9e-05,16983552.0,2019-11-14 20:00:00
2105,1573758000000,1.87e-05,1.999e-05,1.864e-05,1.987e-05,3851418.0,2019-11-14 19:00:00
2106,1573754400000,1.873e-05,1.877e-05,1.861e-05,1.877e-05,4391.0,2019-11-14 18:00:00
2107,1573750800000,1.869e-05,1.883e-05,1.866e-05,1.867e-05,1767.0,2019-11-14 17:00:00
2108,1573747200000,1.85e-05,1.882e-05,1.849e-05,1.869e-05,14165.0,2019-11-14 16:00:00
2109,1573743600000,1.877e-05,1.883e-05,1.849e-05,1.857e-05,30000.0,2019-11-14 15:00:00
2110,1573740000000,1.854e-05,1.896e-05,1.851e-05,1.892e-05,54609.0,2019-11-14 14:00:00
2111,1573736400000,1.874e-05,1.874e-05,1.849e-05,1.856e-05,22311.0,2019-11-14 13:00:00
2112,1573732800000,1.862e-05,1.9e-05,1.86e-05,1.879e-05,133278.0,2019-11-14 12:00:00
2113,1573729200000,1.815e-05,1.874e-05,1.815e-05,1.862e-05,156388.0,2019-11-14 11:00:00
2114,1573725600000,1.808e-05,1.822e-05,1.807e-05,1.809e-05,21089.0,2019-11-14 10:00:00
2115,1573722000000,1.821e-05,1.826e-05,1.798e-05,1.819e-05,76807.0,2019-11-14 09:00:00
2116,1573718400000,1.839e-05,1.845e-05,1.822e-05,1.83e-05,18078.0,2019-11-14 08:00:00
2117,1573714800000,1.83e-05,1.848e-05,1.816e-05,1.839e-05,34545.0,2019-11-14 07:00:00
2118,1573711200000,1.821e-05,1.832e-05,1.82e-05,1.826e-05,15703.0,2019-11-14 06:00:00
2119,1573707600000,1.828e-05,1.831e-05,1.82e-05,1.83e-05,17469.0,2019-11-14 05:00:00
2120,1573704000000,1.822e-05,1.842e-05,1.82e-05,1.831e-05,32278.0,2019-11-14 04:00:00
2121,1573700400000,1.843e-05,1.851e-05,1.821e-05,1.832e-05,20364.0,2019-11-14 03:00:00
2122,1573696800000,1.841e-05,1.855e-05,1.841e-05,1.853e-05,28884.0,2019-11-14 02:00:00
2123,1573693200000,1.842e-05,1.851e-05,1.838e-05,1.849e-05,1232.0,2019-11-14 01:00:00
2124,1573689600000,1.853e-05,1.853e-05,1.842e-05,1.842e-05,1014.0,2019-11-14 00:00:00
2125,1573686000000,1.858e-05,1.87e-05,1.849e-05,1.861e-05,9089.0,2019-11-13 23:00:00
2126,1573682400000,1.835e-05,1.866e-05,1.833e-05,1.855e-05,34686.0,2019-11-13 22:00:00
2127,1573678800000,1.846e-05,1.846e-05,1.834e-05,1.836e-05,15435.0,2019-11-13 21:00:00
2128,1573675200000,1.85e-05,1.859e-05,1.841e-05,1.845e-05,13135.0,2019-11-13 20:00:00
2129,1573671600000,1.848e-05,1.856e-05,1.845e-05,1.855e-05,1718.0,2019-11-13 19:00:00
2130,1573668000000,1.851e-05,1.861e-05,1.842e-05,1.845e-05,11047.0,2019-11-13 18:00:00
2131,1573664400000,1.848e-05,1.863e-05,1.838e-05,1.861e-05,108795.0,2019-11-13 17:00:00
2132,1573660800000,1.839e-05,1.848e-05,1.824e-05,1.848e-05,56716.0,2019-11-13 16:00:00
2133,1573657200000,1.842e-05,1.846e-05,1.828e-05,1.829e-05,37431.0,2019-11-13 15:00:00
2134,1573653600000,1.821e-05,1.847e-05,1.815e-05,1.846e-05,32820.0,2019-11-13 14:00:00
2135,1573650000000,1.845e-05,1.847e-05,1.815e-05,1.824e-05,79851.0,2019-11-13 13:00:00
2136,1573646400000,1.794e-05,1.899e-05,1.793e-05,1.844e-05,666134.0,2019-11-13 12:00:00
2137,1573642800000,1.779e-05,1.822e-05,1.777e-05,1.795e-05,90641.0,2019-11-13 11:00:00
2138,1573639200000,1.788e-05,1.79e-05,1.769e-05,1.779e-05,11304.0,2019-11-13 10:00:00
2139,1573635600000,1.786e-05,1.793e-05,1.769e-05,1.783e-05,7743.0,2019-11-13 09:00:00
2140,1573632000000,1.779e-05,1.783e-05,1.774e-05,1.783e-05,22959.0,2019-11-13 08:00:00
2141,1573628400000,1.776e-05,1.782e-05,1.771e-05,1.775e-05,5371.0,2019-11-13 07:00:00
2142,1573624800000,1.772e-05,1.783e-05,1.772e-05,1.775e-05,1303.0,2019-11-13 06:00:00
2143,1573621200000,1.786e-05,1.786e-05,1.769e-05,1.772e-05,7606.0,2019-11-13 05:00:00
2144,1573617600000,1.791e-05,1.791e-05,1.791e-05,1.791e-05,0.0,2019-11-13 04:00:00
2145,1573606800000,1.785e-05,1.791e-05,1.784e-05,1.791e-05,5981.0,2019-11-13 01:00:00
2146,1573603200000,1.777e-05,1.787e-05,1.773e-05,1.785e-05,711.0,2019-11-13 00:00:00
2147,1573599600000,1.774e-05,1.789e-05,1.772e-05,1.779e-05,7012.0,2019-11-12 23:00:00
2148,1573596000000,1.771e-05,1.791e-05,1.767e-05,1.775e-05,25944.0,2019-11-12 22:00:00
2149,1573592400000,1.779e-05,1.782e-05,1.772e-05,1.773e-05,12776.0,2019-11-12 21:00:00
2150,1573588800000,1.772e-05,1.78e-05,1.767e-05,1.767e-05,4167.0,2019-11-12 20:00:00
2151,1573585200000,1.767e-05,1.778e-05,1.764e-05,1.765e-05,6863.0,2019-11-12 19:00:00
2152,1573581600000,1.772e-05,1.78e-05,1.765e-05,1.765e-05,4829.0,2019-11-12 18:00:00
2153,1573578000000,1.771e-05,1.775e-05,1.764e-05,1.765e-05,24808.0,2019-11-12 17:00:00
2154,1573574400000,1.768e-05,1.781e-05,1.764e-05,1.781e-05,9250.0,2019-11-12 16:00:00
2155,1573570800000,1.767e-05,1.782e-05,1.766e-05,1.78e-05,8295.0,2019-11-12 15:00:00
2156,1573567200000,1.77e-05,1.778e-05,1.764e-05,1.764e-05,22447.0,2019-11-12 14:00:00
2157,1573563600000,1.78e-05,1.784e-05,1.771e-05,1.771e-05,10321.0,2019-11-12 13:00:00
2158,1573560000000,1.766e-05,1.781e-05,1.764e-05,1.781e-05,22214.0,2019-11-12 12:00:00
2159,1573556400000,1.764e-05,1.773e-05,1.764e-05,1.773e-05,12759.0,2019-11-12 11:00:00
2160,1573552800000,1.766e-05,1.774e-05,1.764e-05,1.764e-05,21542.0,2019-11-12 10:00:00
2161,1573549200000,1.767e-05,1.775e-05,1.765e-05,1.767e-05,7870.0,2019-11-12 09:00:00
2162,1573545600000,1.756e-05,1.778e-05,1.755e-05,1.767e-05,45033.0,2019-11-12 08:00:00
2163,1573542000000,1.765e-05,1.765e-05,1.754e-05,1.756e-05,4519.0,2019-11-12 07:00:00
2164,1573538400000,1.768e-05,1.768e-05,1.754e-05,1.754e-05,707.0,2019-11-12 06:00:00
2165,1573534800000,1.775e-05,1.775e-05,1.755e-05,1.768e-05,3294.0,2019-11-12 05:00:00
2166,1573531200000,1.777e-05,1.777e-05,1.764e-05,1.775e-05,5329.0,2019-11-12 04:00:00
2167,1573527600000,1.764e-05,1.806e-05,1.76e-05,1.78e-05,31466.0,2019-11-12 03:00:00
2168,1573524000000,1.783e-05,1.784e-05,1.761e-05,1.778e-05,23628.0,2019-11-12 02:00:00
2169,1573520400000,1.793e-05,1.795e-05,1.766e-05,1.773e-05,39730.0,2019-11-12 01:00:00
2170,1573516800000,1.79e-05,1.8e-05,1.786e-05,1.8e-05,6219.0,2019-11-12 00:00:00
2171,1573513200000,1.795e-05,1.802e-05,1.782e-05,1.8e-05,19376.0,2019-11-11 23:00:00
2172,1573509600000,1.804e-05,1.804e-05,1.795e-05,1.799e-05,1785.0,2019-11-11 22:00:00
2173,1573506000000,1.818e-05,1.818e-05,1.798e-05,1.798e-05,9953.0,2019-11-11 21:00:00
2174,1573502400000,1.805e-05,1.817e-05,1.804e-05,1.817e-05,4800.0,2019-11-11 20:00:00
2175,1573498800000,1.806e-05,1.818e-05,1.802e-05,1.804e-05,4027.0,2019-11-11 19:00:00
2176,1573495200000,1.81e-05,1.817e-05,1.797e-05,1.812e-05,6028.0,2019-11-11 18:00:00
2177,1573491600000,1.798e-05,1.828e-05,1.796e-05,1.808e-05,74723.0,2019-11-11 17:00:00
2178,1573488000000,1.795e-05,1.8e-05,1.788e-05,1.798e-05,16965.0,2019-11-11 16:00:00
2179,1573484400000,1.778e-05,1.795e-05,1.776e-05,1.793e-05,17291.0,2019-11-11 15:00:00
2180,1573480800000,1.778e-05,1.789e-05,1.774e-05,1.774e-05,11675.0,2019-11-11 14:00:00
2181,1573477200000,1.769e-05,1.777e-05,1.765e-05,1.767e-05,4845.0,2019-11-11 13:00:00
2182,1573473600000,1.764e-05,1.767e-05,1.758e-05,1.767e-05,5587.0,2019-11-11 12:00:00
2183,1573470000000,1.768e-05,1.78e-05,1.76e-05,1.76e-05,6594.0,2019-11-11 11:00:00
2184,1573466400000,1.775e-05,1.782e-05,1.764e-05,1.767e-05,1510.0,2019-11-11 10:00:00
2185,1573462800000,1.773e-05,1.78e-05,1.764e-05,1.78e-05,9150.0,2019-11-11 09:00:00
2186,1573459200000,1.789e-05,1.794e-05,1.772e-05,1.773e-05,43356.0,2019-11-11 08:00:00
2187,1573455600000,1.781e-05,1.788e-05,1.773e-05,1.788e-05,24269.0,2019-11-11 07:00:00
2188,1573452000000,1.793e-05,1.793e-05,1.774e-05,1.781e-05,6480.0,2019-11-11 06:00:00
2189,1573448400000,1.768e-05,1.793e-05,1.763e-05,1.793e-05,11578.0,2019-11-11 05:00:00
2190,1573444800000,1.774e-05,1.782e-05,1.767e-05,1.767e-05,3064.0,2019-11-11 04:00:00
2191,1573441200000,1.759e-05,1.777e-05,1.759e-05,1.774e-05,2906.0,2019-11-11 03:00:00
2192,1573437600000,1.763e-05,1.768e-05,1.759e-05,1.759e-05,1171.0,2019-11-11 02:00:00
2193,1573434000000,1.772e-05,1.782e-05,1.763e-05,1.763e-05,12681.0,2019-11-11 01:00:00
2194,1573430400000,1.758e-05,1.772e-05,1.758e-05,1.772e-05,363.0,2019-11-11 00:00:00
2195,1573426800000,1.758e-05,1.758e-05,1.757e-05,1.757e-05,100.0,2019-11-10 23:00:00
2196,1573423200000,1.758e-05,1.773e-05,1.753e-05,1.769e-05,18092.0,2019-11-10 22:00:00
2197,1573419600000,1.757e-05,1.763e-05,1.75e-05,1.758e-05,5182.0,2019-11-10 21:00:00
2198,1573416000000,1.765e-05,1.774e-05,1.746e-05,1.746e-05,7711.0,2019-11-10 20:00:00
2199,1573412400000,1.757e-05,1.775e-05,1.753e-05,1.754e-05,9794.0,2019-11-10 19:00:00
2200,1573408800000,1.745e-05,1.777e-05,1.739e-05,1.757e-05,15604.0,2019-11-10 18:00:00
2201,1573405200000,1.733e-05,1.746e-05,1.732e-05,1.737e-05,33560.0,2019-11-10 17:00:00
2202,1573401600000,1.796e-05,1.806e-05,1.703e-05,1.732e-05,110965.0,2019-11-10 16:00:00
2203,1573398000000,1.789e-05,1.799e-05,1.784e-05,1.796e-05,3956.0,2019-11-10 15:00:00
2204,1573394400000,1.784e-05,1.798e-05,1.784e-05,1.789e-05,2767.0,2019-11-10 14:00:00
2205,1573390800000,1.777e-05,1.795e-05,1.777e-05,1.786e-05,19159.0,2019-11-10 13:00:00
2206,1573387200000,1.775e-05,1.788e-05,1.772e-05,1.775e-05,10851.0,2019-11-10 12:00:00
2207,1573383600000,1.775e-05,1.776e-05,1.774e-05,1.774e-05,2453.0,2019-11-10 11:00:00
2208,1573380000000,1.782e-05,1.784e-05,1.775e-05,1.775e-05,2073.0,2019-11-10 10:00:00
2209,1573376400000,1.778e-05,1.782e-05,1.778e-05,1.782e-05,1429.0,2019-11-10 09:00:00
2210,1573372800000,1.774e-05,1.78e-05,1.751e-05,1.778e-05,14992.0,2019-11-10 08:00:00
2211,1573369200000,1.775e-05,1.775e-05,1.77e-05,1.775e-05,1875.0,2019-11-10 07:00:00
2212,1573365600000,1.775e-05,1.775e-05,1.774e-05,1.774e-05,755.0,2019-11-10 06:00:00
2213,1573362000000,1.776e-05,1.784e-05,1.774e-05,1.783e-05,3794.0,2019-11-10 05:00:00
2214,1573358400000,1.776e-05,1.784e-05,1.773e-05,1.773e-05,5679.0,2019-11-10 04:00:00
2215,1573354800000,1.775e-05,1.776e-05,1.775e-05,1.776e-05,1820.0,2019-11-10 03:00:00
2216,1573351200000,1.775e-05,1.776e-05,1.76e-05,1.775e-05,4962.0,2019-11-10 02:00:00
2217,1573347600000,1.777e-05,1.777e-05,1.768e-05,1.776e-05,605.0,2019-11-10 01:00:00
2218,1573344000000,1.775e-05,1.775e-05,1.775e-05,1.775e-05,799.0,2019-11-10 00:00:00
2219,1573340400000,1.773e-05,1.787e-05,1.756e-05,1.774e-05,21924.0,2019-11-09 23:00:00
2220,1573336800000,1.781e-05,1.781e-05,1.772e-05,1.772e-05,841.0,2019-11-09 22:00:00
2221,1573333200000,1.773e-05,1.788e-05,1.772e-05,1.775e-05,13363.0,2019-11-09 21:00:00
2222,1573329600000,1.78e-05,1.782e-05,1.775e-05,1.782e-05,6546.0,2019-11-09 20:00:00
2223,1573326000000,1.78e-05,1.781e-05,1.773e-05,1.781e-05,1286.0,2019-11-09 19:00:00
2224,1573322400000,1.779e-05,1.781e-05,1.779e-05,1.781e-05,587.0,2019-11-09 18:00:00
2225,1573318800000,1.773e-05,1.778e-05,1.772e-05,1.772e-05,9320.0,2019-11-09 17:00:00
2226,1573315200000,1.777e-05,1.778e-05,1.777e-05,1.778e-05,620.0,2019-11-09 16:00:00
2227,1573311600000,1.778e-05,1.778e-05,1.776e-05,1.777e-05,1384.0,2019-11-09 15:00:00
2228,1573308000000,1.769e-05,1.778e-05,1.767e-05,1.77e-05,1177.0,2019-11-09 14:00:00
2229,1573304400000,1.776e-05,1.776e-05,1.768e-05,1.77e-05,1276.0,2019-11-09 13:00:00
2230,1573300800000,1.771e-05,1.788e-05,1.771e-05,1.781e-05,3884.0,2019-11-09 12:00:00
2231,1573297200000,1.766e-05,1.786e-05,1.766e-05,1.775e-05,6574.0,2019-11-09 11:00:00
2232,1573293600000,1.768e-05,1.774e-05,1.757e-05,1.774e-05,15939.0,2019-11-09 10:00:00
2233,1573290000000,1.774e-05,1.774e-05,1.764e-05,1.764e-05,1954.0,2019-11-09 09:00:00
2234,1573286400000,1.764e-05,1.774e-05,1.764e-05,1.764e-05,4901.0,2019-11-09 08:00:00
2235,1573282800000,1.775e-05,1.775e-05,1.761e-05,1.771e-05,9486.0,2019-11-09 07:00:00
2236,1573279200000,1.77e-05,1.79e-05,1.768e-05,1.783e-05,30790.0,2019-11-09 06:00:00
2237,1573275600000,1.769e-05,1.777e-05,1.76e-05,1.77e-05,27666.0,2019-11-09 05:00:00
2238,1573272000000,1.757e-05,1.77e-05,1.753e-05,1.77e-05,5298.0,2019-11-09 04:00:00
2239,1573268400000,1.775e-05,1.776e-05,1.75e-05,1.764e-05,17495.0,2019-11-09 03:00:00
2240,1573264800000,1.788e-05,1.789e-05,1.775e-05,1.775e-05,12132.0,2019-11-09 02:00:00
2241,1573261200000,1.793e-05,1.793e-05,1.787e-05,1.788e-05,461.0,2019-11-09 01:00:00
2242,1573257600000,1.79e-05,1.796e-05,1.781e-05,1.782e-05,3017.0,2019-11-09 00:00:00
2243,1573254000000,1.782e-05,1.803e-05,1.782e-05,1.796e-05,10689.0,2019-11-08 23:00:00
2244,1573250400000,1.768e-05,1.787e-05,1.768e-05,1.784e-05,12959.0,2019-11-08 22:00:00
2245,1573246800000,1.763e-05,1.768e-05,1.758e-05,1.768e-05,2009.0,2019-11-08 21:00:00
2246,1573243200000,1.772e-05,1.772e-05,1.759e-05,1.767e-05,10246.0,2019-11-08 20:00:00
2247,1573239600000,1.769e-05,1.782e-05,1.769e-05,1.772e-05,21709.0,2019-11-08 19:00:00
2248,1573236000000,1.763e-05,1.781e-05,1.754e-05,1.765e-05,12845.0,2019-11-08 18:00:00
2249,1573232400000,1.746e-05,1.763e-05,1.746e-05,1.752e-05,6115.0,2019-11-08 17:00:00
2250,1573228800000,1.731e-05,1.763e-05,1.731e-05,1.746e-05,13914.0,2019-11-08 16:00:00
2251,1573225200000,1.755e-05,1.755e-05,1.729e-05,1.741e-05,26600.0,2019-11-08 15:00:00
2252,1573221600000,1.747e-05,1.763e-05,1.743e-05,1.756e-05,42346.0,2019-11-08 14:00:00
2253,1573218000000,1.761e-05,1.768e-05,1.738e-05,1.74e-05,18325.0,2019-11-08 13:00:00
2254,1573214400000,1.758e-05,1.763e-05,1.749e-05,1.75e-05,11334.0,2019-11-08 12:00:00
2255,1573210800000,1.751e-05,1.754e-05,1.751e-05,1.754e-05,9532.0,2019-11-08 11:00:00
2256,1573207200000,1.757e-05,1.764e-05,1.752e-05,1.764e-05,4531.0,2019-11-08 10:00:00
2257,1573203600000,1.76e-05,1.768e-05,1.752e-05,1.76e-05,16452.0,2019-11-08 09:00:00
2258,1573200000000,1.769e-05,1.777e-05,1.737e-05,1.76e-05,30177.0,2019-11-08 08:00:00
2259,1573196400000,1.783e-05,1.783e-05,1.769e-05,1.769e-05,14248.0,2019-11-08 07:00:00
2260,1573192800000,1.778e-05,1.786e-05,1.774e-05,1.781e-05,17804.0,2019-11-08 06:00:00
2261,1573189200000,1.795e-05,1.795e-05,1.776e-05,1.786e-05,8511.0,2019-11-08 05:00:00
2262,1573185600000,1.782e-05,1.796e-05,1.772e-05,1.783e-05,30118.0,2019-11-08 04:00:00
2263,1573182000000,1.778e-05,1.782e-05,1.774e-05,1.781e-05,6046.0,2019-11-08 03:00:00
2264,1573178400000,1.791e-05,1.791e-05,1.778e-05,1.778e-05,12952.0,2019-11-08 02:00:00
2265,1573174800000,1.804e-05,1.811e-05,1.779e-05,1.79e-05,67308.0,2019-11-08 01:00:00
2266,1573171200000,1.825e-05,1.825e-05,1.8e-05,1.804e-05,20356.0,2019-11-08 00:00:00
2267,1573167600000,1.83e-05,1.832e-05,1.816e-05,1.824e-05,5656.0,2019-11-07 23:00:00
2268,1573164000000,1.834e-05,1.841e-05,1.825e-05,1.83e-05,18707.0,2019-11-07 22:00:00
2269,1573160400000,1.836e-05,1.845e-05,1.826e-05,1.839e-05,17194.0,2019-11-07 21:00:00
2270,1573156800000,1.821e-05,1.84e-05,1.82e-05,1.84e-05,17587.0,2019-11-07 20:00:00
2271,1573153200000,1.829e-05,1.839e-05,1.819e-05,1.82e-05,11477.0,2019-11-07 19:00:00
2272,1573149600000,1.831e-05,1.836e-05,1.823e-05,1.829e-05,19686.0,2019-11-07 18:00:00
2273,1573146000000,1.821e-05,1.835e-05,1.821e-05,1.831e-05,11011.0,2019-11-07 17:00:00
2274,1573142400000,1.83e-05,1.851e-05,1.819e-05,1.828e-05,35599.0,2019-11-07 16:00:00
2275,1573138800000,1.795e-05,1.842e-05,1.79e-05,1.824e-05,56189.0,2019-11-07 15:00:00
2276,1573135200000,1.808e-05,1.822e-05,1.794e-05,1.794e-05,15786.0,2019-11-07 14:00:00
2277,1573131600000,1.809e-05,1.826e-05,1.808e-05,1.808e-05,50461.0,2019-11-07 13:00:00
2278,1573128000000,1.79e-05,1.816e-05,1.783e-05,1.809e-05,24881.0,2019-11-07 12:00:00
2279,1573124400000,1.772e-05,1.8e-05,1.766e-05,1.785e-05,24368.0,2019-11-07 11:00:00
2280,1573120800000,1.802e-05,1.802e-05,1.752e-05,1.772e-05,57582.0,2019-11-07 10:00:00
2281,1573117200000,1.854e-05,1.854e-05,1.787e-05,1.803e-05,48206.0,2019-11-07 09:00:00
2282,1573113600000,1.838e-05,1.871e-05,1.819e-05,1.856e-05,155051.0,2019-11-07 08:00:00
2283,1573110000000,1.771e-05,1.837e-05,1.771e-05,1.837e-05,22425.0,2019-11-07 07:00:00
2284,1573106400000,1.762e-05,1.782e-05,1.762e-05,1.773e-05,8578.0,2019-11-07 06:00:00
2285,1573102800000,1.768e-05,1.777e-05,1.757e-05,1.768e-05,20179.0,2019-11-07 05:00:00
2286,1573099200000,1.78e-05,1.787e-05,1.762e-05,1.764e-05,16714.0,2019-11-07 04:00:00
2287,1573095600000,1.826e-05,1.827e-05,1.767e-05,1.779e-05,36887.0,2019-11-07 03:00:00
2288,1573092000000,1.801e-05,1.833e-05,1.79e-05,1.825e-05,32400.0,2019-11-07 02:00:00
2289,1573088400000,1.804e-05,1.85e-05,1.789e-05,1.794e-05,83150.0,2019-11-07 01:00:00
2290,1573084800000,1.77e-05,1.829e-05,1.761e-05,1.804e-05,111934.0,2019-11-07 00:00:00
2291,1573081200000,1.747e-05,1.777e-05,1.741e-05,1.761e-05,59325.0,2019-11-06 23:00:00
2292,1573077600000,1.744e-05,1.751e-05,1.724e-05,1.737e-05,42626.0,2019-11-06 22:00:00
2293,1573074000000,1.724e-05,1.744e-05,1.724e-05,1.744e-05,10676.0,2019-11-06 21:00:00
2294,1573070400000,1.724e-05,1.735e-05,1.72e-05,1.735e-05,13212.0,2019-11-06 20:00:00
2295,1573066800000,1.734e-05,1.739e-05,1.722e-05,1.727e-05,22519.0,2019-11-06 19:00:00
2296,1573063200000,1.716e-05,1.735e-05,1.709e-05,1.735e-05,37572.0,2019-11-06 18:00:00
2297,1573059600000,1.726e-05,1.739e-05,1.711e-05,1.716e-05,31634.0,2019-11-06 17:00:00
2298,1573056000000,1.709e-05,1.735e-05,1.709e-05,1.72e-05,10061.0,2019-11-06 16:00:00
2299,1573052400000,1.71e-05,1.719e-05,1.707e-05,1.709e-05,8319.0,2019-11-06 15:00:00
2300,1573048800000,1.712e-05,1.713e-05,1.701e-05,1.702e-05,4882.0,2019-11-06 14:00:00
2301,1573045200000,1.727e-05,1.727e-05,1.704e-05,1.716e-05,43021.0,2019-11-06 13:00:00
2302,1573041600000,1.723e-05,1.736e-05,1.72e-05,1.721e-05,16389.0,2019-11-06 12:00:00
2303,1573038000000,1.717e-05,1.727e-05,1.717e-05,1.727e-05,2964.0,2019-11-06 11:00:00
2304,1573034400000,1.724e-05,1.725e-05,1.716e-05,1.716e-05,2865.0,2019-11-06 10:00:00
2305,1573030800000,1.719e-05,1.739e-05,1.719e-05,1.727e-05,29894.0,2019-11-06 09:00:00
2306,1573027200000,1.709e-05,1.724e-05,1.705e-05,1.724e-05,18727.0,2019-11-06 08:00:00
2307,1573023600000,1.713e-05,1.718e-05,1.705e-05,1.706e-05,52401.0,2019-11-06 07:00:00
2308,1573020000000,1.715e-05,1.722e-05,1.708e-05,1.713e-05,7160.0,2019-11-06 06:00:00
2309,1573016400000,1.714e-05,1.716e-05,1.704e-05,1.713e-05,21370.0,2019-11-06 05:00:00
2310,1573012800000,1.715e-05,1.716e-05,1.708e-05,1.714e-05,16220.0,2019-11-06 04:00:00
2311,1573009200000,1.714e-05,1.716e-05,1.706e-05,1.716e-05,3280.0,2019-11-06 03:00:00
2312,1573005600000,1.717e-05,1.717e-05,1.707e-05,1.715e-05,3891.0,2019-11-06 02:00:00
2313,1573002000000,1.711e-05,1.72e-05,1.709e-05,1.717e-05,40127.0,2019-11-06 01:00:00
2314,1572998400000,1.707e-05,1.719e-05,1.7e-05,1.719e-05,19364.0,2019-11-06 00:00:00
2315,1572994800000,1.7e-05,1.719e-05,1.699e-05,1.708e-05,15675.0,2019-11-05 23:00:00
2316,1572991200000,1.699e-05,1.707e-05,1.695e-05,1.705e-05,26752.0,2019-11-05 22:00:00
2317,1572987600000,1.711e-05,1.713e-05,1.695e-05,1.699e-05,93649.0,2019-11-05 21:00:00
2318,1572984000000,1.706e-05,1.711e-05,1.705e-05,1.711e-05,1613.0,2019-11-05 20:00:00
2319,1572980400000,1.711e-05,1.716e-05,1.704e-05,1.713e-05,9677.0,2019-11-05 19:00:00
2320,1572976800000,1.711e-05,1.713e-05,1.702e-05,1.712e-05,33541.0,2019-11-05 18:00:00
2321,1572973200000,1.717e-05,1.724e-05,1.711e-05,1.713e-05,43380.0,2019-11-05 17:00:00
2322,1572969600000,1.725e-05,1.727e-05,1.7e-05,1.717e-05,54374.0,2019-11-05 16:00:00
2323,1572966000000,1.723e-05,1.729e-05,1.713e-05,1.719e-05,2729.0,2019-11-05 15:00:00
2324,1572962400000,1.722e-05,1.736e-05,1.718e-05,1.718e-05,48366.0,2019-11-05 14:00:00
2325,1572958800000,1.716e-05,1.722e-05,1.71e-05,1.722e-05,26125.0,2019-11-05 13:00:00
2326,1572955200000,1.723e-05,1.724e-05,1.716e-05,1.722e-05,4098.0,2019-11-05 12:00:00
2327,1572951600000,1.721e-05,1.725e-05,1.717e-05,1.718e-05,15400.0,2019-11-05 11:00:00
2328,1572948000000,1.724e-05,1.728e-05,1.721e-05,1.725e-05,2751.0,2019-11-05 10:00:00
2329,1572944400000,1.726e-05,1.738e-05,1.724e-05,1.724e-05,23610.0,2019-11-05 09:00:00
2330,1572940800000,1.738e-05,1.738e-05,1.721e-05,1.726e-05,17494.0,2019-11-05 08:00:00
2331,1572937200000,1.733e-05,1.739e-05,1.731e-05,1.738e-05,30929.0,2019-11-05 07:00:00
2332,1572933600000,1.725e-05,1.736e-05,1.725e-05,1.734e-05,5693.0,2019-11-05 06:00:00
2333,1572930000000,1.735e-05,1.735e-05,1.725e-05,1.732e-05,561.0,2019-11-05 05:00:00
2334,1572926400000,1.728e-05,1.736e-05,1.719e-05,1.735e-05,18111.0,2019-11-05 04:00:00
2335,1572922800000,1.733e-05,1.738e-05,1.721e-05,1.726e-05,17501.0,2019-11-05 03:00:00
2336,1572919200000,1.726e-05,1.733e-05,1.722e-05,1.732e-05,6381.0,2019-11-05 02:00:00
2337,1572915600000,1.723e-05,1.745e-05,1.723e-05,1.73e-05,14193.0,2019-11-05 01:00:00
2338,1572912000000,1.734e-05,1.746e-05,1.721e-05,1.721e-05,27888.0,2019-11-05 00:00:00
2339,1572908400000,1.739e-05,1.748e-05,1.73e-05,1.739e-05,21435.0,2019-11-04 23:00:00
2340,1572904800000,1.739e-05,1.748e-05,1.734e-05,1.734e-05,3032.0,2019-11-04 22:00:00
2341,1572901200000,1.727e-05,1.738e-05,1.727e-05,1.737e-05,20052.0,2019-11-04 21:00:00
2342,1572897600000,1.757e-05,1.769e-05,1.695e-05,1.728e-05,146606.0,2019-11-04 20:00:00
2343,1572894000000,1.765e-05,1.765e-05,1.758e-05,1.763e-05,10315.0,2019-11-04 19:00:00
2344,1572890400000,1.767e-05,1.778e-05,1.759e-05,1.768e-05,16684.0,2019-11-04 18:00:00
2345,1572886800000,1.766e-05,1.782e-05,1.76e-05,1.767e-05,23468.0,2019-11-04 17:00:00
2346,1572883200000,1.771e-05,1.78e-05,1.764e-05,1.764e-05,9996.0,2019-11-04 16:00:00
2347,1572879600000,1.772e-05,1.78e-05,1.77e-05,1.77e-05,8675.0,2019-11-04 15:00:00
2348,1572876000000,1.78e-05,1.786e-05,1.762e-05,1.771e-05,32237.0,2019-11-04 14:00:00
2349,1572872400000,1.78e-05,1.789e-05,1.771e-05,1.773e-05,26440.0,2019-11-04 13:00:00
2350,1572868800000,1.78e-05,1.789e-05,1.772e-05,1.78e-05,20793.0,2019-11-04 12:00:00
2351,1572865200000,1.765e-05,1.782e-05,1.762e-05,1.781e-05,25086.0,2019-11-04 11:00:00
2352,1572861600000,1.765e-05,1.781e-05,1.762e-05,1.765e-05,46706.0,2019-11-04 10:00:00
2353,1572858000000,1.791e-05,1.799e-05,1.765e-05,1.775e-05,94032.0,2019-11-04 09:00:00
2354,1572854400000,1.763e-05,1.844e-05,1.758e-05,1.791e-05,973761.0,2019-11-04 08:00:00
2355,1572850800000,1.765e-05,1.788e-05,1.752e-05,1.771e-05,44763.0,2019-11-04 07:00:00
2356,1572847200000,1.786e-05,1.79e-05,1.75e-05,1.765e-05,89146.0,2019-11-04 06:00:00
2357,1572843600000,1.816e-05,1.816e-05,1.76e-05,1.782e-05,129912.0,2019-11-04 05:00:00
2358,1572840000000,1.832e-05,1.841e-05,1.807e-05,1.816e-05,16517.0,2019-11-04 04:00:00
2359,1572836400000,1.837e-05,1.86e-05,1.818e-05,1.842e-05,84983.0,2019-11-04 03:00:00
2360,1572832800000,1.919e-05,1.92e-05,1.824e-05,1.824e-05,143315.0,2019-11-04 02:00:00
2361,1572829200000,1.863e-05,1.967e-05,1.812e-05,1.923e-05,383308.0,2019-11-04 01:00:00
2362,1572825600000,1.759e-05,1.872e-05,1.758e-05,1.871e-05,325939.0,2019-11-04 00:00:00
2363,1572822000000,1.74e-05,1.786e-05,1.733e-05,1.758e-05,213162.0,2019-11-03 23:00:00
2364,1572818400000,1.75e-05,1.763e-05,1.727e-05,1.741e-05,44830.0,2019-11-03 22:00:00
2365,1572814800000,1.749e-05,1.793e-05,1.721e-05,1.75e-05,334702.0,2019-11-03 21:00:00
2366,1572811200000,1.732e-05,1.759e-05,1.729e-05,1.749e-05,64218.0,2019-11-03 20:00:00
2367,1572807600000,1.736e-05,1.745e-05,1.722e-05,1.729e-05,17640.0,2019-11-03 19:00:00
2368,1572804000000,1.721e-05,1.739e-05,1.719e-05,1.739e-05,6049.0,2019-11-03 18:00:00
2369,1572800400000,1.739e-05,1.74e-05,1.722e-05,1.734e-05,8373.0,2019-11-03 17:00:00
2370,1572796800000,1.732e-05,1.755e-05,1.732e-05,1.748e-05,22785.0,2019-11-03 16:00:00
2371,1572793200000,1.728e-05,1.736e-05,1.728e-05,1.731e-05,7464.0,2019-11-03 15:00:00
2372,1572789600000,1.728e-05,1.735e-05,1.716e-05,1.716e-05,12798.0,2019-11-03 14:00:00
2373,1572786000000,1.732e-05,1.737e-05,1.719e-05,1.719e-05,14109.0,2019-11-03 13:00:00
2374,1572782400000,1.75e-05,1.755e-05,1.728e-05,1.739e-05,18754.0,2019-11-03 12:00:00
2375,1572778800000,1.735e-05,1.752e-05,1.735e-05,1.75e-05,12559.0,2019-11-03 11:00:00
2376,1572775200000,1.737e-05,1.737e-05,1.724e-05,1.729e-05,6982.0,2019-11-03 10:00:00
2377,1572771600000,1.739e-05,1.74e-05,1.737e-05,1.737e-05,30078.0,2019-11-03 09:00:00
2378,1572768000000,1.747e-05,1.751e-05,1.739e-05,1.74e-05,31518.0,2019-11-03 08:00:00
2379,1572764400000,1.727e-05,1.749e-05,1.727e-05,1.749e-05,36837.0,2019-11-03 07:00:00
2380,1572760800000,1.725e-05,1.726e-05,1.724e-05,1.726e-05,1857.0,2019-11-03 06:00:00
2381,1572757200000,1.72e-05,1.725e-05,1.72e-05,1.724e-05,5841.0,2019-11-03 05:00:00
2382,1572753600000,1.713e-05,1.72e-05,1.712e-05,1.72e-05,2403.0,2019-11-03 04:00:00
2383,1572750000000,1.713e-05,1.715e-05,1.708e-05,1.715e-05,1960.0,2019-11-03 03:00:00
2384,1572746400000,1.724e-05,1.724e-05,1.713e-05,1.719e-05,368.0,2019-11-03 02:00:00
2385,1572742800000,1.724e-05,1.724e-05,1.715e-05,1.718e-05,7359.0,2019-11-03 01:00:00
2386,1572739200000,1.725e-05,1.728e-05,1.715e-05,1.715e-05,10235.0,2019-11-03 00:00:00
2387,1572735600000,1.728e-05,1.738e-05,1.724e-05,1.724e-05,7982.0,2019-11-02 23:00:00
2388,1572732000000,1.725e-05,1.734e-05,1.725e-05,1.727e-05,198.0,2019-11-02 22:00:00
2389,1572728400000,1.728e-05,1.736e-05,1.728e-05,1.736e-05,4916.0,2019-11-02 21:00:00
2390,1572724800000,1.724e-05,1.738e-05,1.724e-05,1.731e-05,11715.0,2019-11-02 20:00:00
2391,1572721200000,1.719e-05,1.723e-05,1.713e-05,1.713e-05,16973.0,2019-11-02 19:00:00
2392,1572717600000,1.718e-05,1.725e-05,1.717e-05,1.719e-05,9606.0,2019-11-02 18:00:00
2393,1572714000000,1.713e-05,1.718e-05,1.713e-05,1.715e-05,1592.0,2019-11-02 17:00:00
2394,1572710400000,1.718e-05,1.723e-05,1.706e-05,1.712e-05,7322.0,2019-11-02 16:00:00
2395,1572706800000,1.712e-05,1.712e-05,1.709e-05,1.711e-05,2417.0,2019-11-02 15:00:00
2396,1572703200000,1.698e-05,1.716e-05,1.695e-05,1.712e-05,4291.0,2019-11-02 14:00:00
2397,1572699600000,1.71e-05,1.71e-05,1.697e-05,1.698e-05,30042.0,2019-11-02 13:00:00
2398,1572696000000,1.73e-05,1.735e-05,1.71e-05,1.71e-05,36296.0,2019-11-02 12:00:00
2399,1572692400000,1.725e-05,1.73e-05,1.721e-05,1.73e-05,1052.0,2019-11-02 11:00:00
2400,1572688800000,1.741e-05,1.742e-05,1.722e-05,1.726e-05,14150.0,2019-11-02 10:00:00
2401,1572685200000,1.739e-05,1.751e-05,1.734e-05,1.744e-05,6659.0,2019-11-02 09:00:00
2402,1572681600000,1.744e-05,1.745e-05,1.733e-05,1.733e-05,7588.0,2019-11-02 08:00:00
2403,1572678000000,1.744e-05,1.754e-05,1.737e-05,1.738e-05,23428.0,2019-11-02 07:00:00
2404,1572674400000,1.728e-05,1.754e-05,1.724e-05,1.754e-05,33574.0,2019-11-02 06:00:00
2405,1572670800000,1.732e-05,1.737e-05,1.726e-05,1.729e-05,3881.0,2019-11-02 05:00:00
2406,1572667200000,1.73e-05,1.748e-05,1.729e-05,1.734e-05,22917.0,2019-11-02 04:00:00
2407,1572663600000,1.705e-05,1.749e-05,1.705e-05,1.735e-05,57339.0,2019-11-02 03:00:00
2408,1572660000000,1.71e-05,1.714e-05,1.692e-05,1.707e-05,33129.0,2019-11-02 02:00:00
2409,1572656400000,1.703e-05,1.711e-05,1.703e-05,1.711e-05,1379.0,2019-11-02 01:00:00
2410,1572652800000,1.708e-05,1.709e-05,1.702e-05,1.703e-05,9254.0,2019-11-02 00:00:00
2411,1572649200000,1.707e-05,1.716e-05,1.696e-05,1.701e-05,11864.0,2019-11-01 23:00:00
2412,1572645600000,1.71e-05,1.723e-05,1.707e-05,1.707e-05,3096.0,2019-11-01 22:00:00
2413,1572642000000,1.722e-05,1.746e-05,1.71e-05,1.716e-05,24489.0,2019-11-01 21:00:00
2414,1572638400000,1.722e-05,1.726e-05,1.722e-05,1.726e-05,3026.0,2019-11-01 20:00:00
2415,1572634800000,1.731e-05,1.731e-05,1.723e-05,1.73e-05,3225.0,2019-11-01 19:00:00
2416,1572631200000,1.73e-05,1.732e-05,1.723e-05,1.732e-05,10279.0,2019-11-01 18:00:00
2417,1572627600000,1.731e-05,1.746e-05,1.724e-05,1.736e-05,15002.0,2019-11-01 17:00:00
2418,1572624000000,1.72e-05,1.736e-05,1.716e-05,1.73e-05,17545.0,2019-11-01 16:00:00
2419,1572620400000,1.718e-05,1.748e-05,1.718e-05,1.729e-05,17252.0,2019-11-01 15:00:00
2420,1572616800000,1.72e-05,1.73e-05,1.714e-05,1.714e-05,11868.0,2019-11-01 14:00:00
2421,1572613200000,1.72e-05,1.729e-05,1.72e-05,1.72e-05,12818.0,2019-11-01 13:00:00
2422,1572609600000,1.733e-05,1.734e-05,1.72e-05,1.721e-05,18175.0,2019-11-01 12:00:00
2423,1572606000000,1.731e-05,1.735e-05,1.698e-05,1.727e-05,39077.0,2019-11-01 11:00:00
2424,1572602400000,1.723e-05,1.731e-05,1.72e-05,1.731e-05,17458.0,2019-11-01 10:00:00
2425,1572598800000,1.736e-05,1.736e-05,1.725e-05,1.73e-05,21202.0,2019-11-01 09:00:00
2426,1572595200000,1.732e-05,1.747e-05,1.732e-05,1.734e-05,9670.0,2019-11-01 08:00:00
2427,1572591600000,1.722e-05,1.745e-05,1.722e-05,1.734e-05,45389.0,2019-11-01 07:00:00
2428,1572588000000,1.719e-05,1.725e-05,1.712e-05,1.722e-05,10880.0,2019-11-01 06:00:00
2429,1572584400000,1.713e-05,1.714e-05,1.708e-05,1.714e-05,570.0,2019-11-01 05:00:00
2430,1572580800000,1.719e-05,1.73e-05,1.712e-05,1.719e-05,12126.0,2019-11-01 04:00:00
2431,1572577200000,1.708e-05,1.725e-05,1.702e-05,1.713e-05,6952.0,2019-11-01 03:00:00
2432,1572573600000,1.706e-05,1.729e-05,1.697e-05,1.706e-05,13429.0,2019-11-01 02:00:00
2433,1572570000000,1.689e-05,1.716e-05,1.689e-05,1.708e-05,29841.0,2019-11-01 01:00:00
2434,1572566400000,1.689e-05,1.689e-05,1.684e-05,1.689e-05,737.0,2019-11-01 00:00:00
2435,1572562800000,1.685e-05,1.691e-05,1.675e-05,1.691e-05,37304.0,2019-10-31 23:00:00
2436,1572559200000,1.676e-05,1.689e-05,1.673e-05,1.685e-05,22333.0,2019-10-31 22:00:00
2437,1572555600000,1.69e-05,1.699e-05,1.675e-05,1.683e-05,16839.0,2019-10-31 21:00:00
2438,1572552000000,1.686e-05,1.692e-05,1.686e-05,1.692e-05,660.0,2019-10-31 20:00:00
2439,1572548400000,1.688e-05,1.696e-05,1.682e-05,1.696e-05,577.0,2019-10-31 19:00:00
2440,1572544800000,1.687e-05,1.696e-05,1.687e-05,1.689e-05,2007.0,2019-10-31 18:00:00
2441,1572541200000,1.664e-05,1.697e-05,1.66e-05,1.696e-05,9833.0,2019-10-31 17:00:00
2442,1572537600000,1.665e-05,1.691e-05,1.664e-05,1.665e-05,12715.0,2019-10-31 16:00:00
2443,1572534000000,1.682e-05,1.689e-05,1.665e-05,1.665e-05,15874.0,2019-10-31 15:00:00
2444,1572530400000,1.661e-05,1.688e-05,1.654e-05,1.677e-05,14141.0,2019-10-31 14:00:00
2445,1572526800000,1.648e-05,1.656e-05,1.648e-05,1.65e-05,12460.0,2019-10-31 13:00:00
2446,1572523200000,1.69e-05,1.69e-05,1.629e-05,1.656e-05,24340.0,2019-10-31 12:00:00
2447,1572519600000,1.681e-05,1.691e-05,1.681e-05,1.69e-05,2251.0,2019-10-31 11:00:00
2448,1572516000000,1.678e-05,1.69e-05,1.668e-05,1.69e-05,12025.0,2019-10-31 10:00:00
2449,1572512400000,1.7e-05,1.72e-05,1.665e-05,1.681e-05,66042.0,2019-10-31 09:00:00
2450,1572508800000,1.708e-05,1.714e-05,1.695e-05,1.702e-05,5962.0,2019-10-31 08:00:00
2451,1572505200000,1.7e-05,1.714e-05,1.698e-05,1.708e-05,14117.0,2019-10-31 07:00:00
2452,1572501600000,1.686e-05,1.701e-05,1.673e-05,1.694e-05,28083.0,2019-10-31 06:00:00
2453,1572498000000,1.681e-05,1.69e-05,1.667e-05,1.686e-05,31418.0,2019-10-31 05:00:00
2454,1572494400000,1.681e-05,1.683e-05,1.667e-05,1.68e-05,44004.0,2019-10-31 04:00:00
2455,1572490800000,1.686e-05,1.694e-05,1.681e-05,1.686e-05,4760.0,2019-10-31 03:00:00
2456,1572487200000,1.69e-05,1.69e-05,1.675e-05,1.686e-05,18357.0,2019-10-31 02:00:00
2457,1572483600000,1.707e-05,1.711e-05,1.684e-05,1.69e-05,28195.0,2019-10-31 01:00:00
2458,1572480000000,1.688e-05,1.713e-05,1.686e-05,1.713e-05,6340.0,2019-10-31 00:00:00
2459,1572476400000,1.687e-05,1.696e-05,1.686e-05,1.688e-05,10126.0,2019-10-30 23:00:00
2460,1572472800000,1.69e-05,1.697e-05,1.686e-05,1.697e-05,8034.0,2019-10-30 22:00:00
2461,1572469200000,1.673e-05,1.714e-05,1.673e-05,1.692e-05,46774.0,2019-10-30 21:00:00
2462,1572465600000,1.674e-05,1.674e-05,1.668e-05,1.669e-05,2340.0,2019-10-30 20:00:00
2463,1572462000000,1.685e-05,1.695e-05,1.655e-05,1.67e-05,37474.0,2019-10-30 19:00:00
2464,1572458400000,1.671e-05,1.701e-05,1.669e-05,1.687e-05,23771.0,2019-10-30 18:00:00
2465,1572454800000,1.69e-05,1.691e-05,1.659e-05,1.68e-05,30870.0,2019-10-30 17:00:00
2466,1572451200000,1.665e-05,1.713e-05,1.665e-05,1.691e-05,92967.0,2019-10-30 16:00:00
2467,1572447600000,1.678e-05,1.679e-05,1.642e-05,1.679e-05,36324.0,2019-10-30 15:00:00
2468,1572444000000,1.666e-05,1.678e-05,1.666e-05,1.678e-05,15382.0,2019-10-30 14:00:00
2469,1572440400000,1.666e-05,1.673e-05,1.64e-05,1.662e-05,24662.0,2019-10-30 13:00:00
2470,1572436800000,1.653e-05,1.668e-05,1.626e-05,1.666e-05,76600.0,2019-10-30 12:00:00
2471,1572433200000,1.679e-05,1.679e-05,1.655e-05,1.655e-05,45071.0,2019-10-30 11:00:00
2472,1572429600000,1.696e-05,1.704e-05,1.671e-05,1.681e-05,46867.0,2019-10-30 10:00:00
2473,1572426000000,1.718e-05,1.719e-05,1.691e-05,1.691e-05,36388.0,2019-10-30 09:00:00
2474,1572422400000,1.722e-05,1.723e-05,1.706e-05,1.718e-05,10383.0,2019-10-30 08:00:00
2475,1572418800000,1.723e-05,1.727e-05,1.711e-05,1.723e-05,7318.0,2019-10-30 07:00:00
2476,1572415200000,1.708e-05,1.723e-05,1.691e-05,1.712e-05,33439.0,2019-10-30 06:00:00
2477,1572411600000,1.732e-05,1.734e-05,1.704e-05,1.712e-05,34755.0,2019-10-30 05:00:00
2478,1572408000000,1.715e-05,1.736e-05,1.71e-05,1.734e-05,21418.0,2019-10-30 04:00:00
2479,1572404400000,1.71e-05,1.738e-05,1.71e-05,1.715e-05,16758.0,2019-10-30 03:00:00
2480,1572400800000,1.719e-05,1.72e-05,1.71e-05,1.71e-05,7993.0,2019-10-30 02:00:00
2481,1572397200000,1.725e-05,1.725e-05,1.71e-05,1.71e-05,36230.0,2019-10-30 01:00:00
2482,1572393600000,1.726e-05,1.727e-05,1.711e-05,1.726e-05,19720.0,2019-10-30 00:00:00
2483,1572390000000,1.731e-05,1.739e-05,1.714e-05,1.726e-05,9184.0,2019-10-29 23:00:00
2484,1572386400000,1.738e-05,1.752e-05,1.721e-05,1.737e-05,17788.0,2019-10-29 22:00:00
2485,1572382800000,1.735e-05,1.737e-05,1.718e-05,1.737e-05,23592.0,2019-10-29 21:00:00
2486,1572379200000,1.743e-05,1.749e-05,1.731e-05,1.731e-05,18483.0,2019-10-29 20:00:00
2487,1572375600000,1.726e-05,1.749e-05,1.716e-05,1.741e-05,39411.0,2019-10-29 19:00:00
2488,1572372000000,1.726e-05,1.729e-05,1.715e-05,1.715e-05,6372.0,2019-10-29 18:00:00
2489,1572368400000,1.71e-05,1.732e-05,1.71e-05,1.727e-05,24680.0,2019-10-29 17:00:00
2490,1572364800000,1.708e-05,1.724e-05,1.697e-05,1.71e-05,62445.0,2019-10-29 16:00:00
2491,1572361200000,1.724e-05,1.733e-05,1.707e-05,1.707e-05,81682.0,2019-10-29 15:00:00
2492,1572357600000,1.691e-05,1.812e-05,1.687e-05,1.724e-05,759910.0,2019-10-29 14:00:00
2493,1572354000000,1.709e-05,1.73e-05,1.692e-05,1.692e-05,42546.0,2019-10-29 13:00:00
2494,1572350400000,1.708e-05,1.717e-05,1.685e-05,1.709e-05,26445.0,2019-10-29 12:00:00
2495,1572346800000,1.694e-05,1.718e-05,1.694e-05,1.702e-05,23068.0,2019-10-29 11:00:00
